-4.85486, -0.993401, 5.89359, 1, 1, 1, 1, 1, 1, 1, 1, 1, 1, 1, 1, 1
-4.47433, -1.28328, 6.31588, 1, 1, 1, 1, 1, 4, 1, 1, 1, 1, 1, 1, 1
-4.12033, -1.59903, 6.63662, 1, 1, 1, 1, 1, 7, 1, 1, 1, 1, 1, 1, 1
-5.28764, -0.737728, 5.44444, 1, 1, 1, 1, 4, 1, 1, 1, 1, 1, 1, 1, 1
-4.90034, -0.940708, 5.89614, 1, 1, 1, 1, 4, 4, 1, 1, 1, 1, 1, 1, 1
-4.5676, -1.20966, 6.30306, 1, 1, 1, 1, 4, 7, 1, 1, 1, 1, 1, 1, 1
-5.76035, -0.583826, 4.84859, 1, 1, 1, 1, 7, 1, 1, 1, 1, 1, 1, 1, 1
-5.44993, -0.69714, 5.35645, 1, 1, 1, 1, 7, 4, 1, 1, 1, 1, 1, 1, 1
-4.81098, -1.04933, 5.80509, 1, 1, 1, 4, 1, 1, 1, 1, 1, 1, 1, 1, 1
-4.45233, -1.34645, 6.24825, 1, 1, 1, 4, 1, 4, 1, 1, 1, 1, 1, 1, 1
-4.1074, -1.66287, 6.55531, 1, 1, 1, 4, 1, 7, 1, 1, 1, 1, 1, 1, 1
-5.32832, -0.815297, 5.32448, 1, 1, 1, 4, 4, 1, 1, 1, 1, 1, 1, 1, 1
-4.9093, -1.00649, 5.80762, 1, 1, 1, 4, 4, 4, 1, 1, 1, 1, 1, 1, 1
-4.55288, -1.2624, 6.21895, 1, 1, 1, 4, 4, 7, 1, 1, 1, 1, 1, 1, 1
-5.77689, -0.67056, 4.67875, 1, 1, 1, 4, 7, 1, 1, 1, 1, 1, 1, 1, 1
-5.49513, -0.769618, 5.20365, 1, 1, 1, 4, 7, 4, 1, 1, 1, 1, 1, 1, 1
-5.19423, -0.975353, 5.75791, 1, 1, 1, 4, 7, 7, 1, 1, 1, 1, 1, 1, 1
-4.81764, -1.11435, 5.72804, 1, 1, 1, 7, 1, 1, 1, 1, 1, 1, 1, 1, 1
-4.4539, -1.40682, 6.16143, 1, 1, 1, 7, 1, 4, 1, 1, 1, 1, 1, 1, 1
-4.08804, -1.71629, 6.45691, 1, 1, 1, 7, 1, 7, 1, 1, 1, 1, 1, 1, 1
-5.36396, -0.891946, 5.20039, 1, 1, 1, 7, 4, 1, 1, 1, 1, 1, 1, 1, 1
-4.94819, -1.07368, 5.70984, 1, 1, 1, 7, 4, 4, 1, 1, 1, 1, 1, 1, 1
-4.5734, -1.3158, 6.11036, 1, 1, 1, 7, 4, 7, 1, 1, 1, 1, 1, 1, 1
-5.81936, -0.75587, 4.51627, 1, 1, 1, 7, 7, 1, 1, 1, 1, 1, 1, 1, 1
-5.53785, -0.842523, 5.05593, 1, 1, 1, 7, 7, 4, 1, 1, 1, 1, 1, 1, 1
-5.18263, -0.991912, 5.60216, 1, 1, 1, 7, 7, 7, 1, 1, 1, 1, 1, 1, 1
-4.88921, -0.920208, 5.97118, 1, 1, 4, 1, 1, 1, 1, 1, 1, 1, 1, 1, 1
-4.50246, -1.20431, 6.3986, 1, 1, 4, 1, 1, 4, 1, 1, 1, 1, 1, 1, 1
-3.99939, -1.51318, 6.75664, 1, 1, 4, 1, 1, 7, 1, 1, 1, 1, 1, 1, 1
-5.26331, -0.662536, 5.56623, 1, 1, 4, 1, 4, 1, 1, 1, 1, 1, 1, 1, 1
-4.92952, -0.877479, 5.97537, 1, 1, 4, 1, 4, 4, 1, 1, 1, 1, 1, 1, 1
-4.56756, -1.14425, 6.38453, 1, 1, 4, 1, 4, 7, 1, 1, 1, 1, 1, 1, 1
-5.71798, -0.505578, 5.04794, 1, 1, 4, 1, 7, 1, 1, 1, 1, 1, 1, 1, 1
-5.39877, -0.629252, 5.50658, 1, 1, 4, 1, 7, 4, 1, 1, 1, 1, 1, 1, 1
-4.85774, -0.983913, 5.90158, 1, 1, 4, 4, 1, 1, 1, 1, 1, 1, 1, 1, 1
-4.47607, -1.26624, 6.32596, 1, 1, 4, 4, 1, 4, 1, 1, 1, 1, 1, 1, 1
-4.12108, -1.57349, 6.64093, 1, 1, 4, 4, 1, 7, 1, 1, 1, 1, 1, 1, 1
-5.27867, -0.737756, 5.46669, 1, 1, 4, 4, 4, 1, 1, 1, 1, 1, 1, 1, 1
-4.90512, -0.934481, 5.90186, 1, 1, 4, 4, 4, 4, 1, 1, 1, 1, 1, 1, 1
-4.56599, -1.19545, 6.30681, 1, 1, 4, 4, 4, 7, 1, 1, 1, 1, 1, 1, 1
-5.74784, -0.58831, 4.88434, 1, 1, 4, 4, 7, 1, 1, 1, 1, 1, 1, 1, 1
-5.44778, -0.699164, 5.3706, 1, 1, 4, 4, 7, 4, 1, 1, 1, 1, 1, 1, 1
-5.28788, -0.937139, 5.91767, 1, 1, 4, 4, 7, 7, 1, 1, 1, 1, 1, 1, 1
-4.83645, -1.04412, 5.83583, 1, 1, 4, 7, 1, 1, 1, 1, 1, 1, 1, 1, 1
-4.45529, -1.32265, 6.25892, 1, 1, 4, 7, 1, 4, 1, 1, 1, 1, 1, 1, 1
-4.10847, -1.62739, 6.55517, 1, 1, 4, 7, 1, 7, 1, 1, 1, 1, 1, 1, 1
-5.32928, -0.811739, 5.34474, 1, 1, 4, 7, 4, 1, 1, 1, 1, 1, 1, 1, 1
-4.929, -0.999201, 5.81381, 1, 1, 4, 7, 4, 4, 1, 1, 1, 1, 1, 1, 1
-4.57754, -1.24625, 6.21069, 1, 1, 4, 7, 4, 7, 1, 1, 1, 1, 1, 1, 1
-5.77694, -0.670425, 4.71888, 1, 1, 4, 7, 7, 1, 1, 1, 1, 1, 1, 1, 1
-5.49716, -0.769188, 5.22056, 1, 1, 4, 7, 7, 4, 1, 1, 1, 1, 1, 1, 1
-5.12777, -0.93773, 5.74647, 1, 1, 4, 7, 7, 7, 1, 1, 1, 1, 1, 1, 1
-4.90845, -0.842422, 6.0524, 1, 1, 7, 1, 1, 1, 1, 1, 1, 1, 1, 1, 1
-4.53063, -1.12221, 6.47522, 1, 1, 7, 1, 1, 4, 1, 1, 1, 1, 1, 1, 1
-3.93202, -1.41151, 6.84342, 1, 1, 7, 1, 1, 7, 1, 1, 1, 1, 1, 1, 1
-5.28612, -0.593605, 5.65201, 1, 1, 7, 1, 4, 1, 1, 1, 1, 1, 1, 1, 1
-4.94532, -0.812129, 6.05845, 1, 1, 7, 1, 4, 4, 1, 1, 1, 1, 1, 1, 1
-4.57145, -1.07823, 6.46728, 1, 1, 7, 1, 4, 7, 1, 1, 1, 1, 1, 1, 1
-5.66394, -0.434395, 5.2401, 1, 1, 7, 1, 7, 1, 1, 1, 1, 1, 1, 1, 1
-5.32674, -0.565319, 5.6562, 1, 1, 7, 1, 7, 4, 1, 1, 1, 1, 1, 1, 1
-4.89281, -0.910046, 5.97935, 1, 1, 7, 4, 1, 1, 1, 1, 1, 1, 1, 1, 1
-4.50326, -1.18518, 6.40893, 1, 1, 7, 4, 1, 4, 1, 1, 1, 1, 1, 1, 1
-4.00122, -1.48644, 6.76126, 1, 1, 7, 4, 1, 7, 1, 1, 1, 1, 1, 1, 1
-5.26249, -0.665327, 5.58396, 1, 1, 7, 4, 4, 1, 1, 1, 1, 1, 1, 1, 1
-4.92787, -0.86921, 5.98029, 1, 1, 7, 4, 4, 4, 1, 1, 1, 1, 1, 1, 1
-4.56512, -1.12763, 6.38961, 1, 1, 7, 4, 4, 7, 1, 1, 1, 1, 1, 1, 1
-5.7067, -0.514863, 5.07794, 1, 1, 7, 4, 7, 1, 1, 1, 1, 1, 1, 1, 1
-5.39274, -0.634025, 5.52124, 1, 1, 7, 4, 7, 4, 1, 1, 1, 1, 1, 1, 1
-4.86069, -0.967373, 5.91313, 1, 1, 7, 7, 1, 1, 1, 1, 1, 1, 1, 1, 1
-4.47558, -1.23843, 6.3398, 1, 1, 7, 7, 1, 4, 1, 1, 1, 1, 1, 1, 1
-4.11902, -1.53371, 6.64418, 1, 1, 7, 7, 1, 7, 1, 1, 1, 1, 1, 1, 1
-5.28235, -0.735948, 5.48882, 1, 1, 7, 7, 4, 1, 1, 1, 1, 1, 1, 1, 1
-4.91893, -0.924686, 5.90711, 1, 1, 7, 7, 4, 4, 1, 1, 1, 1, 1, 1, 1
-4.56475, -1.17269, 6.30851, 1, 1, 7, 7, 4, 7, 1, 1, 1, 1, 1, 1, 1
-5.74171, -0.593589, 4.92245, 1, 1, 7, 7, 7, 1, 1, 1, 1, 1, 1, 1, 1
-5.45163, -0.700651, 5.3839, 1, 1, 7, 7, 7, 4, 1, 1, 1, 1, 1, 1, 1
-5.18809, -0.917594, 5.91555, 1, 1, 7, 7, 7, 7, 1, 1, 1, 1, 1, 1, 1
-5.03148, -0.717121, 6.53824, 1, 4, 1, 1, 1, 1, 1, 1, 1, 1, 1, 1, 1
-4.66131, -1.01333, 6.86582, 1, 4, 1, 1, 1, 4, 1, 1, 1, 1, 1, 1, 1
-4.17895, -1.3937, 7.13676, 1, 4, 1, 1, 1, 7, 1, 1, 1, 1, 1, 1, 1
-5.43741, -0.426831, 6.1855, 1, 4, 1, 1, 4, 1, 1, 1, 1, 1, 1, 1, 1
-5.12361, -0.646729, 6.51757, 1, 4, 1, 1, 4, 4, 1, 1, 1, 1, 1, 1, 1
-4.79024, -0.906586, 6.84154, 1, 4, 1, 1, 4, 7, 1, 1, 1, 1, 1, 1, 1
-5.84953, -0.221101, 5.77168, 1, 4, 1, 1, 7, 1, 1, 1, 1, 1, 1, 1, 1
-5.565, -0.367877, 6.13477, 1, 4, 1, 1, 7, 4, 1, 1, 1, 1, 1, 1, 1
-5.40836, -0.626698, 6.62991, 1, 4, 1, 1, 7, 7, 1, 1, 1, 1, 1, 1, 1
-4.99637, -0.778934, 6.45899, 1, 4, 1, 4, 1, 1, 1, 1, 1, 1, 1, 1, 1
-4.62437, -1.06618, 6.7879, 1, 4, 1, 4, 1, 4, 1, 1, 1, 1, 1, 1, 1
-4.26839, -1.43063, 7.02751, 1, 4, 1, 4, 1, 7, 1, 1, 1, 1, 1, 1, 1
-5.39715, -0.490206, 6.11051, 1, 4, 1, 4, 4, 1, 1, 1, 1, 1, 1, 1, 1
-5.09367, -0.702137, 6.43709, 1, 4, 1, 4, 4, 4, 1, 1, 1, 1, 1, 1, 1
-4.77028, -0.95908, 6.75758, 1, 4, 1, 4, 4, 7, 1, 1, 1, 1, 1, 1, 1
-5.84694, -0.292596, 5.64948, 1, 4, 1, 4, 7, 1, 1, 1, 1, 1, 1, 1, 1
-5.57806, -0.43171, 6.02234, 1, 4, 1, 4, 7, 4, 1, 1, 1, 1, 1, 1, 1
-5.30605, -0.601274, 6.36864, 1, 4, 1, 4, 7, 7, 1, 1, 1, 1, 1, 1, 1
-4.97574, -0.839623, 6.37682, 1, 4, 1, 7, 1, 1, 1, 1, 1, 1, 1, 1, 1
-4.60104, -1.12503, 6.71099, 1, 4, 1, 7, 1, 4, 1, 1, 1, 1, 1, 1, 1
-4.23113, -1.47858, 6.93833, 1, 4, 1, 7, 1, 7, 1, 1, 1, 1, 1, 1, 1
-5.39671, -0.558339, 6.01754, 1, 4, 1, 7, 4, 1, 1, 1, 1, 1, 1, 1, 1
-5.1224, -0.76324, 6.33418, 1, 4, 1, 7, 4, 4, 1, 1, 1, 1, 1, 1, 1
-4.78897, -1.01194, 6.64442, 1, 4, 1, 7, 4, 7, 1, 1, 1, 1, 1, 1, 1
-5.85381, -0.366299, 5.51828, 1, 4, 1, 7, 7, 1, 1, 1, 1, 1, 1, 1, 1
-5.61718, -0.500029, 5.88935, 1, 4, 1, 7, 7, 4, 1, 1, 1, 1, 1, 1, 1
-5.39042, -0.665559, 6.22364, 1, 4, 1, 7, 7, 7, 1, 1, 1, 1, 1, 1, 1
-5.06557, -0.651865, 6.62792, 1, 4, 4, 1, 1, 1, 1, 1, 1, 1, 1, 1, 1
-4.70426, -0.950632, 6.951, 1, 4, 4, 1, 1, 4, 1, 1, 1, 1, 1, 1, 1
-4.10711, -1.32013, 7.21767, 1, 4, 4, 1, 1, 7, 1, 1, 1, 1, 1, 1, 1
-5.47713, -0.37151, 6.275, 1, 4, 4, 1, 4, 1, 1, 1, 1, 1, 1, 1, 1
-5.1521, -0.591884, 6.60993, 1, 4, 4, 1, 4, 4, 1, 1, 1, 1, 1, 1, 1
-4.81312, -0.850963, 6.9255, 1, 4, 4, 1, 4, 7, 1, 1, 1, 1, 1, 1, 1
-5.84952, -0.165793, 5.90475, 1, 4, 4, 1, 7, 1, 1, 1, 1, 1, 1, 1, 1
-5.56102, -0.316552, 6.24822, 1, 4, 4, 1, 7, 4, 1, 1, 1, 1, 1, 1, 1
-5.03783, -0.713251, 6.54597, 1, 4, 4, 4, 1, 1, 1, 1, 1, 1, 1, 1, 1
-4.66674, -1.00094, 6.86906, 1, 4, 4, 4, 1, 4, 1, 1, 1, 1, 1, 1, 1
-4.19872, -1.37285, 7.14585, 1, 4, 4, 4, 1, 7, 1, 1, 1, 1, 1, 1, 1
-5.43964, -0.43331, 6.19768, 1, 4, 4, 4, 4, 1, 1, 1, 1, 1, 1, 1, 1
-5.12481, -0.646535, 6.52555, 1, 4, 4, 4, 4, 4, 1, 1, 1, 1, 1, 1, 1
-4.79071, -0.899463, 6.84311, 1, 4, 4, 4, 4, 7, 1, 1, 1, 1, 1, 1, 1
-5.85177, -0.235619, 5.78645, 1, 4, 4, 4, 7, 1, 1, 1, 1, 1, 1, 1, 1
-5.57022, -0.379, 6.14221, 1, 4, 4, 4, 7, 4, 1, 1, 1, 1, 1, 1, 1
-5.3737, -0.602615, 6.56557, 1, 4, 4, 4, 7, 7, 1, 1, 1, 1, 1, 1, 1
-5.00678, -0.772754, 6.47154, 1, 4, 4, 7, 1, 1, 1, 1, 1, 1, 1, 1, 1
-4.62789, -1.05105, 6.79512, 1, 4, 4, 7, 1, 4, 1, 1, 1, 1, 1, 1, 1
-4.27269, -1.4046, 7.03121, 1, 4, 4, 7, 1, 7, 1, 1, 1, 1, 1, 1, 1
-5.41277, -0.4976, 6.11998, 1, 4, 4, 7, 4, 1, 1, 1, 1, 1, 1, 1, 1
-5.12314, -0.703262, 6.43586, 1, 4, 4, 7, 4, 4, 1, 1, 1, 1, 1, 1, 1
-4.79381, -0.950976, 6.74849, 1, 4, 4, 7, 4, 7, 1, 1, 1, 1, 1, 1, 1
-5.86003, -0.3075, 5.66382, 1, 4, 4, 7, 7, 1, 1, 1, 1, 1, 1, 1, 1
-5.60048, -0.44433, 6.02362, 1, 4, 4, 7, 7, 4, 1, 1, 1, 1, 1, 1, 1
-5.3544, -0.610769, 6.35088, 1, 4, 4, 7, 7, 7, 1, 1, 1, 1, 1, 1, 1
-5.08771, -0.587963, 6.68958, 1, 4, 7, 1, 1, 1, 1, 1, 1, 1, 1, 1, 1
-4.74336, -0.88783, 7.02161, 1, 4, 7, 1, 1, 4, 1, 1, 1, 1, 1, 1, 1
-4.00992, -1.24451, 7.28165, 1, 4, 7, 1, 1, 7, 1, 1, 1, 1, 1, 1, 1
-5.50009, -0.318474, 6.34937, 1, 4, 7, 1, 4, 1, 1, 1, 1, 1, 1, 1, 1
-5.16926, -0.53677, 6.69155, 1, 4, 7, 1, 4, 4, 1, 1, 1, 1, 1, 1, 1
-4.83728, -0.801884, 7.01698, 1, 4, 7, 1, 4, 7, 1, 1, 1, 1, 1, 1, 1
-5.86375, -0.115502, 6.02336, 1, 4, 7, 1, 7, 1, 1, 1, 1, 1, 1, 1, 1
-5.57287, -0.269797, 6.35143, 1, 4, 7, 1, 7, 4, 1, 1, 1, 1, 1, 1, 1
-5.07188, -0.647941, 6.6316, 1, 4, 7, 4, 1, 1, 1, 1, 1, 1, 1, 1, 1
-4.71076, -0.93618, 6.95078, 1, 4, 7, 4, 1, 4, 1, 1, 1, 1, 1, 1, 1
-4.13922, -1.2959, 7.23102, 1, 4, 7, 4, 1, 7, 1, 1, 1, 1, 1, 1, 1
-5.47828, -0.379229, 6.28556, 1, 4, 7, 4, 4, 1, 1, 1, 1, 1, 1, 1, 1
-5.15262, -0.591591, 6.61354, 1, 4, 7, 4, 4, 4, 1, 1, 1, 1, 1, 1, 1
-4.81174, -0.842003, 6.92469, 1, 4, 7, 4, 4, 7, 1, 1, 1, 1, 1, 1, 1
-5.85054, -0.184212, 5.91834, 1, 4, 7, 4, 7, 1, 1, 1, 1, 1, 1, 1, 1
-5.56161, -0.33021, 6.25599, 1, 4, 7, 4, 7, 4, 1, 1, 1, 1, 1, 1, 1
-5.43752, -0.595344, 6.76645, 1, 4, 7, 4, 7, 7, 1, 1, 1, 1, 1, 1, 1
-5.04334, -0.705384, 6.55669, 1, 4, 7, 7, 1, 1, 1, 1, 1, 1, 1, 1, 1
-4.66955, -0.981652, 6.87572, 1, 4, 7, 7, 1, 4, 1, 1, 1, 1, 1, 1, 1
-4.21949, -1.34085, 7.15265, 1, 4, 7, 7, 1, 7, 1, 1, 1, 1, 1, 1, 1
-5.44092, -0.440727, 6.21296, 1, 4, 7, 7, 4, 1, 1, 1, 1, 1, 1, 1, 1
-5.13075, -0.645082, 6.53131, 1, 4, 7, 7, 4, 4, 1, 1, 1, 1, 1, 1, 1
-4.79072, -0.888964, 6.84303, 1, 4, 7, 7, 4, 7, 1, 1, 1, 1, 1, 1, 1
-5.86097, -0.254567, 5.80009, 1, 4, 7, 7, 7, 1, 1, 1, 1, 1, 1, 1, 1
-5.58167, -0.393402, 6.1467, 1, 4, 7, 7, 7, 4, 1, 1, 1, 1, 1, 1, 1
-5.30228, -0.560748, 6.46894, 1, 4, 7, 7, 7, 7, 1, 1, 1, 1, 1, 1, 1
-5.34371, -0.5304, 7.4044, 1, 7, 1, 1, 1, 1, 1, 1, 1, 1, 1, 1, 1
-4.95412, -0.867737, 7.65301, 1, 7, 1, 1, 1, 4, 1, 1, 1, 1, 1, 1, 1
-4.48684, -1.26505, 7.76194, 1, 7, 1, 1, 1, 7, 1, 1, 1, 1, 1, 1, 1
-5.80972, -0.199884, 7.20058, 1, 7, 1, 1, 4, 1, 1, 1, 1, 1, 1, 1, 1
-5.52375, -0.456265, 7.50672, 1, 7, 1, 1, 4, 4, 1, 1, 1, 1, 1, 1, 1
-5.18625, -0.749839, 7.765, 1, 7, 1, 1, 4, 7, 1, 1, 1, 1, 1, 1, 1
-6.2241, 0.0447611, 6.99263, 1, 7, 1, 1, 7, 1, 1, 1, 1, 1, 1, 1, 1
-5.98344, -0.139964, 7.31903, 1, 7, 1, 1, 7, 4, 1, 1, 1, 1, 1, 1, 1
-5.756, -0.350776, 7.63546, 1, 7, 1, 1, 7, 7, 1, 1, 1, 1, 1, 1, 1
-5.30043, -0.582271, 7.34788, 1, 7, 1, 4, 1, 1, 1, 1, 1, 1, 1, 1, 1
-4.90951, -0.915351, 7.60811, 1, 7, 1, 4, 1, 4, 1, 1, 1, 1, 1, 1, 1
-4.46305, -1.31577, 7.72595, 1, 7, 1, 4, 1, 7, 1, 1, 1, 1, 1, 1, 1
-5.74691, -0.254605, 7.13303, 1, 7, 1, 4, 4, 1, 1, 1, 1, 1, 1, 1, 1
-5.46711, -0.498955, 7.42728, 1, 7, 1, 4, 4, 4, 1, 1, 1, 1, 1, 1, 1
-5.15351, -0.790705, 7.6857, 1, 7, 1, 4, 4, 7, 1, 1, 1, 1, 1, 1, 1
-6.16867, -0.014724, 6.85789, 1, 7, 1, 4, 7, 1, 1, 1, 1, 1, 1, 1, 1
-5.9271, -0.19409, 7.19053, 1, 7, 1, 4, 7, 4, 1, 1, 1, 1, 1, 1, 1
-5.68613, -0.390907, 7.52102, 1, 7, 1, 4, 7, 7, 1, 1, 1, 1, 1, 1, 1
-5.24837, -0.633919, 7.28115, 1, 7, 1, 7, 1, 1, 1, 1, 1, 1, 1, 1, 1
-4.85731, -0.963109, 7.53804, 1, 7, 1, 7, 1, 4, 1, 1, 1, 1, 1, 1, 1
-4.4254, -1.36513, 7.7167, 1, 7, 1, 7, 1, 7, 1, 1, 1, 1, 1, 1, 1
-5.67764, -0.312074, 7.04217, 1, 7, 1, 7, 4, 1, 1, 1, 1, 1, 1, 1, 1
-5.40662, -0.546106, 7.33568, 1, 7, 1, 7, 4, 4, 1, 1, 1, 1, 1, 1, 1
-5.11013, -0.835252, 7.58871, 1, 7, 1, 7, 4, 7, 1, 1, 1, 1, 1, 1, 1
-6.13172, -0.079852, 6.68561, 1, 7, 1, 7, 7, 1, 1, 1, 1, 1, 1, 1, 1
-5.88659, -0.253733, 7.02245, 1, 7, 1, 7, 7, 4, 1, 1, 1, 1, 1, 1, 1
-5.66744, -0.447725, 7.36059, 1, 7, 1, 7, 7, 7, 1, 1, 1, 1, 1, 1, 1
-5.39534, -0.478273, 7.47189, 1, 7, 4, 1, 1, 1, 1, 1, 1, 1, 1, 1, 1
-5.00289, -0.814082, 7.71073, 1, 7, 4, 1, 1, 4, 1, 1, 1, 1, 1, 1, 1
-4.44288, -1.19675, 7.82289, 1, 7, 4, 1, 1, 7, 1, 1, 1, 1, 1, 1, 1
-5.87648, -0.152669, 7.27388, 1, 7, 4, 1, 4, 1, 1, 1, 1, 1, 1, 1, 1
-5.56901, -0.413747, 7.57832, 1, 7, 4, 1, 4, 4, 1, 1, 1, 1, 1, 1, 1
-5.21163, -0.706555, 7.81891, 1, 7, 4, 1, 4, 7, 1, 1, 1, 1, 1, 1, 1
-6.35451, 0.0787132, 7.18557, 1, 7, 4, 1, 7, 1, 1, 1, 1, 1, 1, 1, 1
-6.05085, -0.100202, 7.4199, 1, 7, 4, 1, 7, 4, 1, 1, 1, 1, 1, 1, 1
-5.80392, -0.318896, 7.71564, 1, 7, 4, 1, 7, 7, 1, 1, 1, 1, 1, 1, 1
-5.36186, -0.529975, 7.41975, 1, 7, 4, 4, 1, 1, 1, 1, 1, 1, 1, 1, 1
-4.96431, -0.860092, 7.66939, 1, 7, 4, 4, 1, 4, 1, 1, 1, 1, 1, 1, 1
-4.49745, -1.24963, 7.79099, 1, 7, 4, 4, 1, 7, 1, 1, 1, 1, 1, 1, 1
-5.82277, -0.208867, 7.21696, 1, 7, 4, 4, 4, 1, 1, 1, 1, 1, 1, 1, 1
-5.52846, -0.458616, 7.50642, 1, 7, 4, 4, 4, 4, 1, 1, 1, 1, 1, 1, 1
-5.18817, -0.746523, 7.7575, 1, 7, 4, 4, 4, 7, 1, 1, 1, 1, 1, 1, 1
-6.28527, 0.0210887, 7.05496, 1, 7, 4, 4, 7, 1, 1, 1, 1, 1, 1, 1, 1
-5.99086, -0.154314, 7.32956, 1, 7, 4, 4, 7, 4, 1, 1, 1, 1, 1, 1, 1
-5.74679, -0.358054, 7.62634, 1, 7, 4, 4, 7, 7, 1, 1, 1, 1, 1, 1, 1
-5.31783, -0.580762, 7.36079, 1, 7, 4, 7, 1, 1, 1, 1, 1, 1, 1, 1, 1
-4.91897, -0.905467, 7.61222, 1, 7, 4, 7, 1, 4, 1, 1, 1, 1, 1, 1, 1
-4.4687, -1.2965, 7.78301, 1, 7, 4, 7, 1, 7, 1, 1, 1, 1, 1, 1, 1
-5.75958, -0.265033, 7.1509, 1, 7, 4, 7, 4, 1, 1, 1, 1, 1, 1, 1, 1
-5.47169, -0.502962, 7.43146, 1, 7, 4, 7, 4, 4, 1, 1, 1, 1, 1, 1, 1
-5.15409, -0.788245, 7.67517, 1, 7, 4, 7, 4, 7, 1, 1, 1, 1, 1, 1, 1
-6.20598, -0.0374859, 6.86738, 1, 7, 4, 7, 7, 1, 1, 1, 1, 1, 1, 1, 1
-5.95537, -0.212288, 7.17647, 1, 7, 4, 7, 7, 4, 1, 1, 1, 1, 1, 1, 1
-5.71192, -0.405152, 7.48722, 1, 7, 4, 7, 7, 7, 1, 1, 1, 1, 1, 1, 1
-5.44665, -0.427672, 7.54814, 1, 7, 7, 1, 1, 1, 1, 1, 1, 1, 1, 1, 1
-5.04964, -0.758331, 7.77258, 1, 7, 7, 1, 1, 4, 1, 1, 1, 1, 1, 1, 1
-4.32656, -1.13641, 7.88567, 1, 7, 7, 1, 1, 7, 1, 1, 1, 1, 1, 1, 1
-5.93592, -0.108234, 7.34525, 1, 7, 7, 1, 4, 1, 1, 1, 1, 1, 1, 1, 1
-5.60715, -0.372023, 7.64529, 1, 7, 7, 1, 4, 4, 1, 1, 1, 1, 1, 1, 1
-5.23462, -0.663687, 7.86913, 1, 7, 7, 1, 4, 7, 1, 1, 1, 1, 1, 1, 1
-6.44133, 0.112903, 7.33607, 1, 7, 7, 1, 7, 1, 1, 1, 1, 1, 1, 1, 1
-6.14412, -0.0721228, 7.53011, 1, 7, 7, 1, 7, 4, 1, 1, 1, 1, 1, 1, 1
-5.91544, -0.32892, 7.85057, 1, 7, 7, 1, 7, 7, 1, 1, 1, 1, 1, 1, 1
-5.41719, -0.478434, 7.49405, 1, 7, 7, 4, 1, 1, 1, 1, 1, 1, 1, 1, 1
-5.01348, -0.804747, 7.7345, 1, 7, 7, 4, 1, 4, 1, 1, 1, 1, 1, 1, 1
-4.46324, -1.17835, 7.84986, 1, 7, 7, 4, 1, 7, 1, 1, 1, 1, 1, 1, 1
-5.89097, -0.163422, 7.28961, 1, 7, 7, 4, 4, 1, 1, 1, 1, 1, 1, 1, 1
-5.57688, -0.417042, 7.57786, 1, 7, 7, 4, 4, 4, 1, 1, 1, 1, 1, 1, 1
-5.21185, -0.701614, 7.81531, 1, 7, 7, 4, 4, 7, 1, 1, 1, 1, 1, 1, 1
-6.3719, 0.0554944, 7.2261, 1, 7, 7, 4, 7, 1, 1, 1, 1, 1, 1, 1, 1
-6.05116, -0.116619, 7.42877, 1, 7, 7, 4, 7, 4, 1, 1, 1, 1, 1, 1, 1
-5.78848, -0.326056, 7.69682, 1, 7, 7, 4, 7, 7, 1, 1, 1, 1, 1, 1, 1
-5.38182, -0.527637, 7.44299, 1, 7, 7, 7, 1, 1, 1, 1, 1, 1, 1, 1, 1
-4.97506, -0.847474, 7.68944, 1, 7, 7, 7, 1, 4, 1, 1, 1, 1, 1, 1, 1
-4.50412, -1.22599, 7.8328, 1, 7, 7, 7, 1, 7, 1, 1, 1, 1, 1, 1, 1
-5.83882, -0.220848, 7.24826, 1, 7, 7, 7, 4, 1, 1, 1, 1, 1, 1, 1, 1
-5.5368, -0.462954, 7.52766, 1, 7, 7, 7, 4, 4, 1, 1, 1, 1, 1, 1, 1
-5.19298, -0.743422, 7.76998, 1, 7, 7, 7, 4, 7, 1, 1, 1, 1, 1, 1, 1
-6.33263, -0.00693596, 7.08345, 1, 7, 7, 7, 7, 1, 1, 1, 1, 1, 1, 1, 1
-6.02154, -0.175426, 7.32127, 1, 7, 7, 7, 7, 4, 1, 1, 1, 1, 1, 1, 1
-5.75723, -0.372744, 7.61533, 1, 7, 7, 7, 7, 7, 1, 1, 1, 1, 1, 1, 1
-4.6562, -1.29282, 5.37799, 4, 1, 1, 1, 1, 1, 1, 1, 1, 1, 1, 1, 1
-4.30349, -1.56471, 5.81112, 4, 1, 1, 1, 1, 4, 1, 1, 1, 1, 1, 1, 1
-3.94396, -1.866, 6.16678, 4, 1, 1, 1, 1, 7, 1, 1, 1, 1, 1, 1, 1
-5.17559, -1.08502, 4.74427, 4, 1, 1, 1, 4, 1, 1, 1, 1, 1, 1, 1, 1
-4.68331, -1.25632, 5.36758, 4, 1, 1, 1, 4, 4, 1, 1, 1, 1, 1, 1, 1
-4.35625, -1.52012, 5.78726, 4, 1, 1, 1, 4, 7, 1, 1, 1, 1, 1, 1, 1
-5.81029, -1.03865, 3.73521, 4, 1, 1, 1, 7, 1, 1, 1, 1, 1, 1, 1, 1
-5.33267, -1.05512, 4.57077, 4, 1, 1, 1, 7, 4, 1, 1, 1, 1, 1, 1, 1
-4.625, -1.35746, 5.3112, 4, 1, 1, 4, 1, 1, 1, 1, 1, 1, 1, 1, 1
-4.2865, -1.63678, 5.73676, 4, 1, 1, 4, 1, 4, 1, 1, 1, 1, 1, 1, 1
-3.96076, -1.93773, 6.07616, 4, 1, 1, 4, 1, 7, 1, 1, 1, 1, 1, 1, 1
-5.23115, -1.17404, 4.56327, 4, 1, 1, 4, 4, 1, 1, 1, 1, 1, 1, 1, 1
-4.69554, -1.31496, 5.28381, 4, 1, 1, 4, 4, 4, 1, 1, 1, 1, 1, 1, 1
-4.35448, -1.5788, 5.69863, 4, 1, 1, 4, 4, 7, 1, 1, 1, 1, 1, 1, 1
-5.87451, -1.17609, 3.46794, 4, 1, 1, 4, 7, 1, 1, 1, 1, 1, 1, 1, 1
-5.41092, -1.14395, 4.35153, 4, 1, 1, 4, 7, 4, 1, 1, 1, 1, 1, 1, 1
-5.15568, -1.32903, 5.02478, 4, 1, 1, 4, 7, 7, 1, 1, 1, 1, 1, 1, 1
-4.66698, -1.44509, 5.2284, 4, 1, 1, 7, 1, 1, 1, 1, 1, 1, 1, 1, 1
-4.29002, -1.69916, 5.67585, 4, 1, 1, 7, 1, 4, 1, 1, 1, 1, 1, 1, 1
-3.94759, -1.99688, 5.99024, 4, 1, 1, 7, 1, 7, 1, 1, 1, 1, 1, 1, 1
-5.28512, -1.25722, 4.43851, 4, 1, 1, 7, 4, 1, 1, 1, 1, 1, 1, 1, 1
-4.79055, -1.39799, 5.17973, 4, 1, 1, 7, 4, 4, 1, 1, 1, 1, 1, 1, 1
-4.41239, -1.626, 5.61865, 4, 1, 1, 7, 4, 7, 1, 1, 1, 1, 1, 1, 1
-5.97803, -1.34476, 3.16793, 4, 1, 1, 7, 7, 1, 1, 1, 1, 1, 1, 1, 1
-5.47601, -1.23323, 4.20339, 4, 1, 1, 7, 7, 4, 1, 1, 1, 1, 1, 1, 1
-5.03849, -1.3263, 4.94641, 4, 1, 1, 7, 7, 7, 1, 1, 1, 1, 1, 1, 1
-4.6856, -1.21584, 5.45404, 4, 1, 4, 1, 1, 1, 1, 1, 1, 1, 1, 1, 1
-4.32499, -1.47494, 5.89202, 4, 1, 4, 1, 1, 4, 1, 1, 1, 1, 1, 1, 1
-3.88369, -1.76624, 6.26519, 4, 1, 4, 1, 1, 7, 1, 1, 1, 1, 1, 1, 1
-5.11411, -0.995236, 4.92357, 4, 1, 4, 1, 4, 1, 1, 1, 1, 1, 1, 1, 1
-4.69829, -1.19051, 5.45229, 4, 1, 4, 1, 4, 4, 1, 1, 1, 1, 1, 1, 1
-4.35073, -1.44639, 5.87683, 4, 1, 4, 1, 4, 7, 1, 1, 1, 1, 1, 1, 1
-5.7077, -0.901633, 4.0775, 4, 1, 4, 1, 7, 1, 1, 1, 1, 1, 1, 1, 1
-5.23319, -0.971545, 4.82208, 4, 1, 4, 1, 7, 4, 1, 1, 1, 1, 1, 1, 1
-4.65576, -1.28148, 5.38854, 4, 1, 4, 4, 1, 1, 1, 1, 1, 1, 1, 1, 1
-4.30214, -1.54556, 5.81928, 4, 1, 4, 4, 1, 4, 1, 1, 1, 1, 1, 1, 1
-3.94174, -1.83741, 6.17149, 4, 1, 4, 4, 1, 7, 1, 1, 1, 1, 1, 1, 1
-5.1701, -1.07941, 4.76478, 4, 1, 4, 4, 4, 1, 1, 1, 1, 1, 1, 1, 1
-4.68203, -1.24698, 5.37714, 4, 1, 4, 4, 4, 4, 1, 1, 1, 1, 1, 1, 1
-4.35323, -1.5029, 5.7924, 4, 1, 4, 4, 4, 7, 1, 1, 1, 1, 1, 1, 1
-5.80305, -1.02329, 3.80067, 4, 1, 4, 4, 7, 1, 1, 1, 1, 1, 1, 1, 1
-5.32152, -1.05075, 4.60247, 4, 1, 4, 4, 7, 4, 1, 1, 1, 1, 1, 1, 1
-4.63758, -1.34143, 5.32622, 4, 1, 4, 7, 1, 1, 1, 1, 1, 1, 1, 1, 1
-4.28727, -1.60859, 5.74822, 4, 1, 4, 7, 1, 4, 1, 1, 1, 1, 1, 1, 1
-3.95739, -1.89895, 6.07674, 4, 1, 4, 7, 1, 7, 1, 1, 1, 1, 1, 1, 1
-5.22107, -1.15966, 4.61837, 4, 1, 4, 7, 4, 1, 1, 1, 1, 1, 1, 1, 1
-4.72381, -1.30037, 5.29917, 4, 1, 4, 7, 4, 4, 1, 1, 1, 1, 1, 1, 1
-4.38462, -1.55354, 5.70536, 4, 1, 4, 7, 4, 7, 1, 1, 1, 1, 1, 1, 1
-5.84093, -1.13713, 3.62392, 4, 1, 4, 7, 7, 1, 1, 1, 1, 1, 1, 1, 1
-5.3918, -1.12994, 4.4376, 4, 1, 4, 7, 7, 4, 1, 1, 1, 1, 1, 1, 1
-5.04067, -1.29224, 5.11133, 4, 1, 4, 7, 7, 7, 1, 1, 1, 1, 1, 1, 1
-4.70034, -1.13247, 5.52966, 4, 1, 7, 1, 1, 1, 1, 1, 1, 1, 1, 1, 1
-4.342, -1.38362, 5.97142, 4, 1, 7, 1, 1, 4, 1, 1, 1, 1, 1, 1, 1
-3.78555, -1.66975, 6.35299, 4, 1, 7, 1, 1, 7, 1, 1, 1, 1, 1, 1, 1
-5.07166, -0.912209, 5.06588, 4, 1, 7, 1, 4, 1, 1, 1, 1, 1, 1, 1, 1
-4.70656, -1.11967, 5.53492, 4, 1, 7, 1, 4, 4, 1, 1, 1, 1, 1, 1, 1
-4.34588, -1.3721, 5.96539, 4, 1, 7, 1, 4, 7, 1, 1, 1, 1, 1, 1, 1
-5.60546, -0.794374, 4.36991, 4, 1, 7, 1, 7, 1, 1, 1, 1, 1, 1, 1, 1
-5.13741, -0.897962, 5.02952, 4, 1, 7, 1, 7, 4, 1, 1, 1, 1, 1, 1, 1
-4.68363, -1.20189, 5.46416, 4, 1, 7, 4, 1, 1, 1, 1, 1, 1, 1, 1, 1
-4.31978, -1.45364, 5.89953, 4, 1, 7, 4, 1, 4, 1, 1, 1, 1, 1, 1, 1
-3.88608, -1.7337, 6.26915, 4, 1, 7, 4, 1, 7, 1, 1, 1, 1, 1, 1, 1
-5.1138, -0.991733, 4.93534, 4, 1, 7, 4, 4, 1, 1, 1, 1, 1, 1, 1, 1
-4.69373, -1.17857, 5.46211, 4, 1, 7, 4, 4, 4, 1, 1, 1, 1, 1, 1, 1
-4.34428, -1.42606, 5.8818, 4, 1, 7, 4, 4, 7, 1, 1, 1, 1, 1, 1, 1
-5.70102, -0.894832, 4.12289, 4, 1, 7, 4, 7, 1, 1, 1, 1, 1, 1, 1, 1
-5.22647, -0.969209, 4.84209, 4, 1, 7, 4, 7, 4, 1, 1, 1, 1, 1, 1, 1
-4.65051, -1.26112, 5.40446, 4, 1, 7, 7, 1, 1, 1, 1, 1, 1, 1, 1, 1
-4.29547, -1.51427, 5.83104, 4, 1, 7, 7, 1, 4, 1, 1, 1, 1, 1, 1, 1
-3.93656, -1.7927, 6.17577, 4, 1, 7, 7, 1, 7, 1, 1, 1, 1, 1, 1, 1
-5.16449, -1.06851, 4.79266, 4, 1, 7, 7, 4, 1, 1, 1, 1, 1, 1, 1, 1
-4.68843, -1.23057, 5.38737, 4, 1, 7, 7, 4, 4, 1, 1, 1, 1, 1, 1, 1
-4.34938, -1.47488, 5.79765, 4, 1, 7, 7, 4, 7, 1, 1, 1, 1, 1, 1, 1
-5.76682, -0.995779, 3.89757, 4, 1, 7, 7, 7, 1, 1, 1, 1, 1, 1, 1, 1
-5.30495, -1.04167, 4.64561, 4, 1, 7, 7, 7, 4, 1, 1, 1, 1, 1, 1, 1
-5.18665, -1.23202, 5.25336, 4, 1, 7, 7, 7, 7, 1, 1, 1, 1, 1, 1, 1
-4.83455, -0.949326, 5.92295, 4, 4, 1, 1, 1, 1, 1, 1, 1, 1, 1, 1, 1
-4.45218, -1.24439, 6.34243, 4, 4, 1, 1, 1, 4, 1, 1, 1, 1, 1, 1, 1
-4.04075, -1.55788, 6.66067, 4, 4, 1, 1, 1, 7, 1, 1, 1, 1, 1, 1, 1
-5.21605, -0.677961, 5.54181, 4, 4, 1, 1, 4, 1, 1, 1, 1, 1, 1, 1, 1
-4.892, -0.889073, 5.9281, 4, 4, 1, 1, 4, 4, 1, 1, 1, 1, 1, 1, 1
-4.55171, -1.15977, 6.33103, 4, 4, 1, 1, 4, 7, 1, 1, 1, 1, 1, 1, 1
-5.70008, -0.506129, 4.98595, 4, 4, 1, 1, 7, 1, 1, 1, 1, 1, 1, 1, 1
-5.39454, -0.62778, 5.45588, 4, 4, 1, 1, 7, 4, 1, 1, 1, 1, 1, 1, 1
-4.78481, -1.00343, 5.8453, 4, 4, 1, 4, 1, 1, 1, 1, 1, 1, 1, 1, 1
-4.42326, -1.30788, 6.27612, 4, 4, 1, 4, 1, 4, 1, 1, 1, 1, 1, 1, 1
-4.08902, -1.62973, 6.57329, 4, 4, 1, 4, 1, 7, 1, 1, 1, 1, 1, 1, 1
-5.22738, -0.749488, 5.44725, 4, 4, 1, 4, 4, 1, 1, 1, 1, 1, 1, 1, 1
-4.8963, -0.950198, 5.84624, 4, 4, 1, 4, 4, 4, 1, 1, 1, 1, 1, 1, 1
-4.54547, -1.21335, 6.24616, 4, 4, 1, 4, 4, 7, 1, 1, 1, 1, 1, 1, 1
-5.721, -0.587549, 4.81947, 4, 4, 1, 4, 7, 1, 1, 1, 1, 1, 1, 1, 1
-5.42562, -0.697607, 5.32547, 4, 4, 1, 4, 7, 4, 1, 1, 1, 1, 1, 1, 1
-5.22797, -0.930044, 5.83045, 4, 4, 1, 4, 7, 7, 1, 1, 1, 1, 1, 1, 1
-4.79028, -1.06472, 5.76549, 4, 4, 1, 7, 1, 1, 1, 1, 1, 1, 1, 1, 1
-4.41011, -1.37107, 6.19999, 4, 4, 1, 7, 1, 4, 1, 1, 1, 1, 1, 1, 1
-4.06248, -1.68699, 6.48178, 4, 4, 1, 7, 1, 7, 1, 1, 1, 1, 1, 1, 1
-5.26674, -0.823847, 5.32406, 4, 4, 1, 7, 4, 1, 1, 1, 1, 1, 1, 1, 1
-4.92534, -1.01889, 5.75067, 4, 4, 1, 7, 4, 4, 1, 1, 1, 1, 1, 1, 1
-4.56864, -1.27069, 6.13859, 4, 4, 1, 7, 4, 7, 1, 1, 1, 1, 1, 1, 1
-5.75693, -0.670686, 4.65545, 4, 4, 1, 7, 7, 1, 1, 1, 1, 1, 1, 1, 1
-5.4704, -0.770891, 5.18423, 4, 4, 1, 7, 7, 4, 1, 1, 1, 1, 1, 1, 1
-5.15088, -0.931871, 5.6621, 4, 4, 1, 7, 7, 7, 1, 1, 1, 1, 1, 1, 1
-4.86237, -0.877678, 6.00334, 4, 4, 4, 1, 1, 1, 1, 1, 1, 1, 1, 1, 1
-4.48474, -1.16811, 6.41439, 4, 4, 4, 1, 1, 4, 1, 1, 1, 1, 1, 1, 1
-3.92648, -1.47599, 6.7679, 4, 4, 4, 1, 1, 7, 1, 1, 1, 1, 1, 1, 1
-5.24424, -0.614162, 5.62053, 4, 4, 4, 1, 4, 1, 1, 1, 1, 1, 1, 1, 1
-4.91889, -0.831103, 6.00268, 4, 4, 4, 1, 4, 4, 1, 1, 1, 1, 1, 1, 1
-4.55798, -1.10081, 6.40649, 4, 4, 4, 1, 4, 7, 1, 1, 1, 1, 1, 1, 1
-5.672, -0.439528, 5.15817, 4, 4, 4, 1, 7, 1, 1, 1, 1, 1, 1, 1, 1
-5.35907, -0.570444, 5.58029, 4, 4, 4, 1, 7, 4, 1, 1, 1, 1, 1, 1, 1
-4.8399, -0.944152, 5.931, 4, 4, 4, 4, 1, 1, 1, 1, 1, 1, 1, 1, 1
-4.45516, -1.23183, 6.3497, 4, 4, 4, 4, 1, 4, 1, 1, 1, 1, 1, 1, 1
-3.98898, -1.55246, 6.68844, 4, 4, 4, 4, 1, 7, 1, 1, 1, 1, 1, 1, 1
-5.22294, -0.683827, 5.55165, 4, 4, 4, 4, 4, 1, 1, 1, 1, 1, 1, 1, 1
-4.9005, -0.888118, 5.92877, 4, 4, 4, 4, 4, 4, 1, 1, 1, 1, 1, 1, 1
-4.55122, -1.15101, 6.33067, 4, 4, 4, 4, 4, 7, 1, 1, 1, 1, 1, 1, 1
-5.71068, -0.516713, 4.99607, 4, 4, 4, 4, 7, 1, 1, 1, 1, 1, 1, 1, 1
-5.4019, -0.63686, 5.45778, 4, 4, 4, 4, 7, 4, 1, 1, 1, 1, 1, 1, 1
-4.79846, -0.997384, 5.85133, 4, 4, 4, 7, 1, 1, 1, 1, 1, 1, 1, 1, 1
-4.42571, -1.29097, 6.28379, 4, 4, 4, 7, 1, 4, 1, 1, 1, 1, 1, 1, 1
-4.09305, -1.60079, 6.56958, 4, 4, 4, 7, 1, 7, 1, 1, 1, 1, 1, 1, 1
-5.24491, -0.754362, 5.45179, 4, 4, 4, 7, 4, 1, 1, 1, 1, 1, 1, 1, 1
-4.92173, -0.95051, 5.84236, 4, 4, 4, 7, 4, 4, 1, 1, 1, 1, 1, 1, 1
-4.56665, -1.20389, 6.23696, 4, 4, 4, 7, 4, 7, 1, 1, 1, 1, 1, 1, 1
-5.75827, -0.596115, 4.82181, 4, 4, 4, 7, 7, 1, 1, 1, 1, 1, 1, 1, 1
-5.45445, -0.706297, 5.31779, 4, 4, 4, 7, 7, 4, 1, 1, 1, 1, 1, 1, 1
-5.17425, -0.910438, 5.80969, 4, 4, 4, 7, 7, 7, 1, 1, 1, 1, 1, 1, 1
-4.88091, -0.804685, 6.08568, 4, 4, 7, 1, 1, 1, 1, 1, 1, 1, 1, 1, 1
-4.51597, -1.09132, 6.4859, 4, 4, 7, 1, 1, 4, 1, 1, 1, 1, 1, 1, 1
-3.84116, -1.39118, 6.83693, 4, 4, 7, 1, 1, 7, 1, 1, 1, 1, 1, 1, 1
-5.27202, -0.551916, 5.69825, 4, 4, 7, 1, 4, 1, 1, 1, 1, 1, 1, 1, 1
-4.9293, -0.769944, 6.08459, 4, 4, 7, 1, 4, 4, 1, 1, 1, 1, 1, 1, 1
-4.56613, -1.04015, 6.48127, 4, 4, 7, 1, 4, 7, 1, 1, 1, 1, 1, 1, 1
-5.63263, -0.378413, 5.32163, 4, 4, 7, 1, 7, 1, 1, 1, 1, 1, 1, 1, 1
-5.31481, -0.518787, 5.70416, 4, 4, 7, 1, 7, 4, 1, 1, 1, 1, 1, 1, 1
-4.86768, -0.871841, 6.00851, 4, 4, 7, 4, 1, 1, 1, 1, 1, 1, 1, 1, 1
-4.48522, -1.1545, 6.42058, 4, 4, 7, 4, 1, 4, 1, 1, 1, 1, 1, 1, 1
-3.93582, -1.45504, 6.77145, 4, 4, 7, 4, 1, 7, 1, 1, 1, 1, 1, 1, 1
-5.24688, -0.621402, 5.63285, 4, 4, 7, 4, 4, 1, 1, 1, 1, 1, 1, 1, 1
-4.9186, -0.828476, 6.00443, 4, 4, 7, 4, 4, 4, 1, 1, 1, 1, 1, 1, 1
-4.55642, -1.08993, 6.40861, 4, 4, 7, 4, 4, 7, 1, 1, 1, 1, 1, 1, 1
-5.68476, -0.451992, 5.16232, 4, 4, 7, 4, 7, 1, 1, 1, 1, 1, 1, 1, 1
-5.36438, -0.581529, 5.58271, 4, 4, 7, 4, 7, 4, 1, 1, 1, 1, 1, 1, 1
-4.84219, -0.934576, 5.94529, 4, 4, 7, 7, 1, 1, 1, 1, 1, 1, 1, 1, 1
-4.4544, -1.21144, 6.35855, 4, 4, 7, 7, 1, 4, 1, 1, 1, 1, 1, 1, 1
-4.00043, -1.52107, 6.68651, 4, 4, 7, 7, 1, 7, 1, 1, 1, 1, 1, 1, 1
-5.23681, -0.689738, 5.5604, 4, 4, 7, 7, 4, 1, 1, 1, 1, 1, 1, 1, 1
-4.91859, -0.885278, 5.9259, 4, 4, 7, 7, 4, 4, 1, 1, 1, 1, 1, 1, 1
-4.55238, -1.1372, 6.32769, 4, 4, 7, 7, 4, 7, 1, 1, 1, 1, 1, 1, 1
-5.73969, -0.528481, 4.99763, 4, 4, 7, 7, 7, 1, 1, 1, 1, 1, 1, 1, 1
-5.42414, -0.647513, 5.4516, 4, 4, 7, 7, 7, 4, 1, 1, 1, 1, 1, 1, 1
-5.24337, -0.885413, 5.97381, 4, 4, 7, 7, 7, 7, 1, 1, 1, 1, 1, 1, 1
-5.02404, -0.676606, 6.76187, 4, 7, 1, 1, 1, 1, 1, 1, 1, 1, 1, 1, 1
-4.67782, -0.990296, 7.09509, 4, 7, 1, 1, 1, 4, 1, 1, 1, 1, 1, 1, 1
-4.17935, -1.37798, 7.36968, 4, 7, 1, 1, 1, 7, 1, 1, 1, 1, 1, 1, 1
-5.46451, -0.360998, 6.40101, 4, 7, 1, 1, 4, 1, 1, 1, 1, 1, 1, 1, 1
-5.15274, -0.600116, 6.75545, 4, 7, 1, 1, 4, 4, 1, 1, 1, 1, 1, 1, 1
-4.83557, -0.872622, 7.07918, 4, 7, 1, 1, 4, 7, 1, 1, 1, 1, 1, 1, 1
-5.8592, -0.128142, 6.03545, 4, 7, 1, 1, 7, 1, 1, 1, 1, 1, 1, 1, 1
-5.59099, -0.291049, 6.3999, 4, 7, 1, 1, 7, 4, 1, 1, 1, 1, 1, 1, 1
-5.42894, -0.545733, 6.85455, 4, 7, 1, 1, 7, 7, 1, 1, 1, 1, 1, 1, 1
-4.98801, -0.737138, 6.67373, 4, 7, 1, 4, 1, 1, 1, 1, 1, 1, 1, 1, 1
-4.63382, -1.04467, 7.0076, 4, 7, 1, 4, 1, 4, 1, 1, 1, 1, 1, 1, 1
-4.28455, -1.41432, 7.25792, 4, 7, 1, 4, 1, 7, 1, 1, 1, 1, 1, 1, 1
-5.41955, -0.42048, 6.32438, 4, 7, 1, 4, 4, 1, 1, 1, 1, 1, 1, 1, 1
-5.11833, -0.653899, 6.66667, 4, 7, 1, 4, 4, 4, 1, 1, 1, 1, 1, 1, 1
-4.80565, -0.922131, 6.98772, 4, 7, 1, 4, 4, 7, 1, 1, 1, 1, 1, 1, 1
-5.84128, -0.193635, 5.91643, 4, 7, 1, 4, 7, 1, 1, 1, 1, 1, 1, 1, 1
-5.57959, -0.351045, 6.28661, 4, 7, 1, 4, 7, 4, 1, 1, 1, 1, 1, 1, 1
-5.3021, -0.535738, 6.65761, 4, 7, 1, 4, 7, 7, 1, 1, 1, 1, 1, 1, 1
-4.94991, -0.797355, 6.58916, 4, 7, 1, 7, 1, 1, 1, 1, 1, 1, 1, 1, 1
-4.58701, -1.10158, 6.92566, 4, 7, 1, 7, 1, 4, 1, 1, 1, 1, 1, 1, 1
-4.24501, -1.46615, 7.16494, 4, 7, 1, 7, 1, 7, 1, 1, 1, 1, 1, 1, 1
-5.37061, -0.483958, 6.25061, 4, 7, 1, 7, 4, 1, 1, 1, 1, 1, 1, 1, 1
-5.08148, -0.709371, 6.57899, 4, 7, 1, 7, 4, 4, 1, 1, 1, 1, 1, 1, 1
-4.79123, -0.976534, 6.88021, 4, 7, 1, 7, 4, 7, 1, 1, 1, 1, 1, 1, 1
-5.8297, -0.266821, 5.78345, 4, 7, 1, 7, 7, 1, 1, 1, 1, 1, 1, 1, 1
-5.56659, -0.417906, 6.15974, 4, 7, 1, 7, 7, 4, 1, 1, 1, 1, 1, 1, 1
-5.34104, -0.597599, 6.50903, 4, 7, 1, 7, 7, 7, 1, 1, 1, 1, 1, 1, 1
-5.06427, -0.616862, 6.83037, 4, 7, 4, 1, 1, 1, 1, 1, 1, 1, 1, 1, 1
-4.72066, -0.930272, 7.1605, 4, 7, 4, 1, 1, 4, 1, 1, 1, 1, 1, 1, 1
-4.11414, -1.30895, 7.43231, 4, 7, 4, 1, 1, 7, 1, 1, 1, 1, 1, 1, 1
-5.50296, -0.311343, 6.48637, 4, 7, 4, 1, 4, 1, 1, 1, 1, 1, 1, 1, 1
-5.18225, -0.550546, 6.84558, 4, 7, 4, 1, 4, 4, 1, 1, 1, 1, 1, 1, 1
-4.86465, -0.826174, 7.16209, 4, 7, 4, 1, 4, 7, 1, 1, 1, 1, 1, 1, 1
-5.88146, -0.0825935, 6.14597, 4, 7, 4, 1, 7, 1, 1, 1, 1, 1, 1, 1, 1
-5.6168, -0.248331, 6.49368, 4, 7, 4, 1, 7, 4, 1, 1, 1, 1, 1, 1, 1
-5.03476, -0.675934, 6.76034, 4, 7, 4, 4, 1, 1, 1, 1, 1, 1, 1, 1, 1
-4.68377, -0.982892, 7.08629, 4, 7, 4, 4, 1, 4, 1, 1, 1, 1, 1, 1, 1
-4.19497, -1.36146, 7.35817, 4, 7, 4, 4, 1, 7, 1, 1, 1, 1, 1, 1, 1
-5.47059, -0.370061, 6.40744, 4, 7, 4, 4, 4, 1, 1, 1, 1, 1, 1, 1, 1
-5.15905, -0.603497, 6.75556, 4, 7, 4, 4, 4, 4, 1, 1, 1, 1, 1, 1, 1
-4.83804, -0.87049, 7.07332, 4, 7, 4, 4, 4, 7, 1, 1, 1, 1, 1, 1, 1
-5.86594, -0.145971, 6.03565, 4, 7, 4, 4, 7, 1, 1, 1, 1, 1, 1, 1, 1
-5.60103, -0.305965, 6.39423, 4, 7, 4, 4, 7, 4, 1, 1, 1, 1, 1, 1, 1
-5.38886, -0.534904, 6.81125, 4, 7, 4, 4, 7, 7, 1, 1, 1, 1, 1, 1, 1
-5.00234, -0.735046, 6.67967, 4, 7, 4, 7, 1, 1, 1, 1, 1, 1, 1, 1, 1
-4.64232, -1.03597, 7.00858, 4, 7, 4, 7, 1, 4, 1, 1, 1, 1, 1, 1, 1
-4.29102, -1.39537, 7.2506, 4, 7, 4, 7, 1, 7, 1, 1, 1, 1, 1, 1, 1
-5.42512, -0.431243, 6.33543, 4, 7, 4, 7, 4, 1, 1, 1, 1, 1, 1, 1, 1
-5.1223, -0.658243, 6.6711, 4, 7, 4, 7, 4, 4, 1, 1, 1, 1, 1, 1, 1
-4.80908, -0.920996, 6.98131, 4, 7, 4, 7, 4, 7, 1, 1, 1, 1, 1, 1, 1
-5.86082, -0.214924, 5.90749, 4, 7, 4, 7, 7, 1, 1, 1, 1, 1, 1, 1, 1
-5.59968, -0.370233, 6.26972, 4, 7, 4, 7, 7, 4, 1, 1, 1, 1, 1, 1, 1
-5.33817, -0.551196, 6.61963, 4, 7, 4, 7, 7, 7, 1, 1, 1, 1, 1, 1, 1
-5.09854, -0.5584, 6.88453, 4, 7, 7, 1, 1, 1, 1, 1, 1, 1, 1, 1, 1
-4.75844, -0.870691, 7.21174, 4, 7, 7, 1, 1, 4, 1, 1, 1, 1, 1, 1, 1
-3.9539, -1.25039, 7.4841, 4, 7, 7, 1, 1, 7, 1, 1, 1, 1, 1, 1, 1
-5.52586, -0.264984, 6.55615, 4, 7, 7, 1, 4, 1, 1, 1, 1, 1, 1, 1, 1
-5.19935, -0.501438, 6.90111, 4, 7, 7, 1, 4, 4, 1, 1, 1, 1, 1, 1, 1
-4.88183, -0.780895, 7.21788, 4, 7, 7, 1, 4, 7, 1, 1, 1, 1, 1, 1, 1
-5.90269, -0.0406079, 6.24473, 4, 7, 7, 1, 7, 1, 1, 1, 1, 1, 1, 1, 1
-5.63837, -0.209614, 6.58144, 4, 7, 7, 1, 7, 4, 1, 1, 1, 1, 1, 1, 1
-5.07342, -0.616308, 6.82076, 4, 7, 7, 4, 1, 1, 1, 1, 1, 1, 1, 1, 1
-4.7253, -0.921494, 7.14502, 4, 7, 7, 4, 1, 4, 1, 1, 1, 1, 1, 1, 1
-4.13816, -1.28889, 7.41418, 4, 7, 7, 4, 1, 7, 1, 1, 1, 1, 1, 1, 1
-5.51048, -0.322005, 6.49033, 4, 7, 7, 4, 4, 1, 1, 1, 1, 1, 1, 1, 1
-5.1872, -0.554572, 6.83381, 4, 7, 7, 4, 4, 4, 1, 1, 1, 1, 1, 1, 1
-4.8623, -0.822128, 7.13958, 4, 7, 7, 4, 4, 7, 1, 1, 1, 1, 1, 1, 1
-5.88421, -0.103792, 6.14924, 4, 7, 7, 4, 7, 1, 1, 1, 1, 1, 1, 1, 1
-5.61868, -0.266018, 6.4916, 4, 7, 7, 4, 7, 4, 1, 1, 1, 1, 1, 1, 1
-5.04833, -0.673247, 6.7617, 4, 7, 7, 7, 1, 1, 1, 1, 1, 1, 1, 1, 1
-4.68807, -0.971515, 7.07721, 4, 7, 7, 7, 1, 4, 1, 1, 1, 1, 1, 1, 1
-4.21681, -1.3361, 7.35, 4, 7, 7, 7, 1, 7, 1, 1, 1, 1, 1, 1, 1
-5.47472, -0.382249, 6.41693, 4, 7, 7, 7, 4, 1, 1, 1, 1, 1, 1, 1, 1
-5.16138, -0.607775, 6.75366, 4, 7, 7, 7, 4, 4, 1, 1, 1, 1, 1, 1, 1
-4.83327, -0.868342, 7.06608, 4, 7, 7, 7, 4, 7, 1, 1, 1, 1, 1, 1, 1
-5.88202, -0.170882, 6.02624, 4, 7, 7, 7, 7, 1, 1, 1, 1, 1, 1, 1, 1
-5.61677, -0.328125, 6.3738, 4, 7, 7, 7, 7, 4, 1, 1, 1, 1, 1, 1, 1
-5.32797, -0.513331, 6.72197, 4, 7, 7, 7, 7, 7, 1, 1, 1, 1, 1, 1, 1
-4.53676, -1.64142, 4.88853, 7, 1, 1, 1, 1, 1, 1, 1, 1, 1, 1, 1, 1
-4.17314, -1.88136, 5.39275, 7, 1, 1, 1, 1, 4, 1, 1, 1, 1, 1, 1, 1
-3.8023, -2.16402, 5.72065, 7, 1, 1, 1, 1, 7, 1, 1, 1, 1, 1, 1, 1
-5.25167, -1.54362, 3.75288, 7, 1, 1, 1, 4, 1, 1, 1, 1, 1, 1, 1, 1
-4.58885, -1.61723, 4.8236, 7, 1, 1, 1, 4, 4, 1, 1, 1, 1, 1, 1, 1
-4.2106, -1.85879, 5.38517, 7, 1, 1, 1, 4, 7, 1, 1, 1, 1, 1, 1, 1
-7.60445, -2.06909, -2.10603, 7, 1, 1, 1, 7, 1, 1, 1, 1, 1, 1, 1, 1
-5.45899, -1.58392, 3.42721, 7, 1, 1, 1, 7, 4, 1, 1, 1, 1, 1, 1, 1
-4.59493, -1.73469, 4.69174, 7, 1, 1, 4, 1, 1, 1, 1, 1, 1, 1, 1, 1
-4.17283, -1.95657, 5.33338, 7, 1, 1, 4, 1, 4, 1, 1, 1, 1, 1, 1, 1
-3.85098, -2.24257, 5.64802, 7, 1, 1, 4, 1, 7, 1, 1, 1, 1, 1, 1, 1
-5.38049, -1.71416, 3.40416, 7, 1, 1, 4, 4, 1, 1, 1, 1, 1, 1, 1, 1
-4.71689, -1.71023, 4.55346, 7, 1, 1, 4, 4, 4, 1, 1, 1, 1, 1, 1, 1
-4.23067, -1.91645, 5.305, 7, 1, 1, 4, 4, 7, 1, 1, 1, 1, 1, 1, 1
-7.54201, -2.16196, -1.89473, 7, 1, 1, 4, 7, 1, 1, 1, 1, 1, 1, 1, 1
-5.76827, -1.92447, 2.64513, 7, 1, 1, 4, 7, 4, 1, 1, 1, 1, 1, 1, 1
-4.95373, -1.6787, 4.2431, 7, 1, 1, 4, 7, 7, 1, 1, 1, 1, 1, 1, 1
-4.68356, -1.8266, 4.54237, 7, 1, 1, 7, 1, 1, 1, 1, 1, 1, 1, 1, 1
-4.19425, -2.02438, 5.27436, 7, 1, 1, 7, 1, 4, 1, 1, 1, 1, 1, 1, 1
-3.86356, -2.30791, 5.60472, 7, 1, 1, 7, 1, 7, 1, 1, 1, 1, 1, 1, 1
-5.53833, -1.93627, 2.98178, 7, 1, 1, 7, 4, 1, 1, 1, 1, 1, 1, 1, 1
-4.82998, -1.80432, 4.36072, 7, 1, 1, 7, 4, 4, 1, 1, 1, 1, 1, 1, 1
-4.3154, -1.97296, 5.1927, 7, 1, 1, 7, 4, 7, 1, 1, 1, 1, 1, 1, 1
-7.44955, -2.25986, -1.73942, 7, 1, 1, 7, 7, 1, 1, 1, 1, 1, 1, 1, 1
-6.9975, -2.0986, -0.885332, 7, 1, 1, 7, 7, 4, 1, 1, 1, 1, 1, 1, 1
-5.10866, -1.79817, 3.94803, 7, 1, 1, 7, 7, 7, 1, 1, 1, 1, 1, 1, 1
-4.54427, -1.54841, 4.9818, 7, 1, 4, 1, 1, 1, 1, 1, 1, 1, 1, 1, 1
-4.18443, -1.78351, 5.46186, 7, 1, 4, 1, 1, 4, 1, 1, 1, 1, 1, 1, 1
-3.72737, -2.05328, 5.81427, 7, 1, 4, 1, 1, 7, 1, 1, 1, 1, 1, 1, 1
-5.11897, -1.40267, 4.08195, 7, 1, 4, 1, 4, 1, 1, 1, 1, 1, 1, 1, 1
-4.54974, -1.53952, 4.98736, 7, 1, 4, 1, 4, 4, 1, 1, 1, 1, 1, 1, 1
-4.1836, -1.78208, 5.46852, 7, 1, 4, 1, 4, 7, 1, 1, 1, 1, 1, 1, 1
-7.59249, -1.94819, -2.36321, 7, 1, 4, 1, 7, 1, 1, 1, 1, 1, 1, 1, 1
-5.24491, -1.39582, 3.93922, 7, 1, 4, 1, 7, 4, 1, 1, 1, 1, 1, 1, 1
-4.53417, -1.62637, 4.9102, 7, 1, 4, 4, 1, 1, 1, 1, 1, 1, 1, 1, 1
-4.17114, -1.85802, 5.40778, 7, 1, 4, 4, 1, 4, 1, 1, 1, 1, 1, 1, 1
-3.79756, -2.13131, 5.73479, 7, 1, 4, 4, 1, 7, 1, 1, 1, 1, 1, 1, 1
-5.22588, -1.52378, 3.82414, 7, 1, 4, 4, 4, 1, 1, 1, 1, 1, 1, 1, 1
-4.5849, -1.60425, 4.85528, 7, 1, 4, 4, 4, 4, 1, 1, 1, 1, 1, 1, 1
-4.20689, -1.83725, 5.39752, 7, 1, 4, 4, 4, 7, 1, 1, 1, 1, 1, 1, 1
-7.59419, -2.03294, -2.12794, 7, 1, 4, 4, 7, 1, 1, 1, 1, 1, 1, 1, 1
-5.39209, -1.53244, 3.59772, 7, 1, 4, 4, 7, 4, 1, 1, 1, 1, 1, 1, 1
-4.57675, -1.69835, 4.78181, 7, 1, 4, 7, 1, 1, 1, 1, 1, 1, 1, 1, 1
-4.17478, -1.92247, 5.35601, 7, 1, 4, 7, 1, 4, 1, 1, 1, 1, 1, 1, 1
-3.84717, -2.19661, 5.67629, 7, 1, 4, 7, 1, 7, 1, 1, 1, 1, 1, 1, 1
-5.31217, -1.64709, 3.6024, 7, 1, 4, 7, 4, 1, 1, 1, 1, 1, 1, 1, 1
-4.69791, -1.67414, 4.65917, 7, 1, 4, 7, 4, 4, 1, 1, 1, 1, 1, 1, 1
-4.25994, -1.88708, 5.31387, 7, 1, 4, 7, 4, 7, 1, 1, 1, 1, 1, 1, 1
-7.52887, -2.12207, -1.95821, 7, 1, 4, 7, 7, 1, 1, 1, 1, 1, 1, 1, 1
-5.54223, -1.71321, 3.20791, 7, 1, 4, 7, 7, 4, 1, 1, 1, 1, 1, 1, 1
-4.93334, -1.65478, 4.34026, 7, 1, 4, 7, 7, 7, 1, 1, 1, 1, 1, 1, 1
-4.55075, -1.44754, 5.0729, 7, 1, 7, 1, 1, 1, 1, 1, 1, 1, 1, 1, 1
-4.18111, -1.67784, 5.53776, 7, 1, 7, 1, 1, 4, 1, 1, 1, 1, 1, 1, 1
-3.65121, -1.94104, 5.9047, 7, 1, 7, 1, 1, 7, 1, 1, 1, 1, 1, 1, 1
-4.99661, -1.27785, 4.39663, 7, 1, 7, 1, 4, 1, 1, 1, 1, 1, 1, 1, 1
-4.54271, -1.4524, 5.08511, 7, 1, 7, 1, 4, 4, 1, 1, 1, 1, 1, 1, 1
-4.17395, -1.69752, 5.5474, 7, 1, 7, 1, 4, 7, 1, 1, 1, 1, 1, 1, 1
-5.70287, -1.29369, 3.2977, 7, 1, 7, 1, 7, 1, 1, 1, 1, 1, 1, 1, 1
-5.05094, -1.26959, 4.33243, 7, 1, 7, 1, 7, 4, 1, 1, 1, 1, 1, 1, 1
-4.54532, -1.5326, 4.99506, 7, 1, 7, 4, 1, 1, 1, 1, 1, 1, 1, 1, 1
-4.17762, -1.75763, 5.47621, 7, 1, 7, 4, 1, 4, 1, 1, 1, 1, 1, 1, 1
-3.73037, -2.0156, 5.82674, 7, 1, 7, 4, 1, 7, 1, 1, 1, 1, 1, 1, 1
-5.10384, -1.3886, 4.12888, 7, 1, 7, 4, 4, 1, 1, 1, 1, 1, 1, 1, 1
-4.54497, -1.52429, 5.00006, 7, 1, 7, 4, 4, 4, 1, 1, 1, 1, 1, 1, 1
-4.17484, -1.75692, 5.48075, 7, 1, 7, 4, 4, 7, 1, 1, 1, 1, 1, 1, 1
-5.92795, -1.52357, 2.7685, 7, 1, 7, 4, 7, 1, 1, 1, 1, 1, 1, 1, 1
-5.21224, -1.38012, 3.99761, 7, 1, 7, 4, 7, 4, 1, 1, 1, 1, 1, 1, 1
-4.5303, -1.60127, 4.9303, 7, 1, 7, 7, 1, 1, 1, 1, 1, 1, 1, 1, 1
-4.16243, -1.8209, 5.42851, 7, 1, 7, 7, 1, 4, 1, 1, 1, 1, 1, 1, 1
-3.79091, -2.07953, 5.75445, 7, 1, 7, 7, 1, 7, 1, 1, 1, 1, 1, 1, 1
-5.19337, -1.49391, 3.91462, 7, 1, 7, 7, 4, 1, 1, 1, 1, 1, 1, 1, 1
-4.58556, -1.58203, 4.8865, 7, 1, 7, 7, 4, 4, 1, 1, 1, 1, 1, 1, 1
-4.20655, -1.80165, 5.41373, 7, 1, 7, 7, 4, 7, 1, 1, 1, 1, 1, 1, 1
-7.55026, -1.98202, -2.19618, 7, 1, 7, 7, 7, 1, 1, 1, 1, 1, 1, 1, 1
-5.33034, -1.49368, 3.73788, 7, 1, 7, 7, 7, 4, 1, 1, 1, 1, 1, 1, 1
-4.63043, -1.22958, 5.43929, 7, 4, 1, 1, 1, 1, 1, 1, 1, 1, 1, 1, 1
-4.27183, -1.51612, 5.86462, 7, 4, 1, 1, 1, 4, 1, 1, 1, 1, 1, 1, 1
-3.83566, -1.83003, 6.22466, 7, 4, 1, 1, 1, 7, 1, 1, 1, 1, 1, 1, 1
-5.09044, -0.991822, 4.90501, 7, 4, 1, 1, 4, 1, 1, 1, 1, 1, 1, 1, 1
-4.66913, -1.18608, 5.42401, 7, 4, 1, 1, 4, 4, 1, 1, 1, 1, 1, 1, 1
-4.34, -1.45362, 5.82265, 7, 4, 1, 1, 4, 7, 1, 1, 1, 1, 1, 1, 1
-5.73236, -0.897674, 3.95416, 7, 4, 1, 1, 7, 1, 1, 1, 1, 1, 1, 1, 1
-5.24946, -0.948628, 4.78117, 7, 4, 1, 1, 7, 4, 1, 1, 1, 1, 1, 1, 1
-4.59731, -1.29396, 5.3728, 7, 4, 1, 4, 1, 1, 1, 1, 1, 1, 1, 1, 1
-4.25354, -1.5855, 5.78063, 7, 4, 1, 4, 1, 4, 1, 1, 1, 1, 1, 1, 1
-3.89686, -1.90097, 6.13768, 7, 4, 1, 4, 1, 7, 1, 1, 1, 1, 1, 1, 1
-5.13401, -1.07179, 4.76191, 7, 4, 1, 4, 4, 1, 1, 1, 1, 1, 1, 1, 1
-4.68505, -1.26435, 5.33128, 7, 4, 1, 4, 4, 4, 1, 1, 1, 1, 1, 1, 1
-4.33636, -1.51416, 5.74499, 7, 4, 1, 4, 4, 7, 1, 1, 1, 1, 1, 1, 1
-5.79654, -1.02442, 3.68757, 7, 4, 1, 4, 7, 1, 1, 1, 1, 1, 1, 1, 1
-5.31766, -1.02815, 4.58064, 7, 4, 1, 4, 7, 4, 1, 1, 1, 1, 1, 1, 1
-4.62106, -1.3822, 5.29874, 7, 4, 1, 7, 1, 1, 1, 1, 1, 1, 1, 1, 1
-4.25047, -1.65259, 5.72661, 7, 4, 1, 7, 1, 4, 1, 1, 1, 1, 1, 1, 1
-3.91026, -1.96673, 6.04355, 7, 4, 1, 7, 1, 7, 1, 1, 1, 1, 1, 1, 1
-5.16905, -1.1511, 4.65253, 7, 4, 1, 7, 4, 1, 1, 1, 1, 1, 1, 1, 1
-4.7438, -1.32408, 5.25312, 7, 4, 1, 7, 4, 4, 1, 1, 1, 1, 1, 1, 1
-4.39127, -1.56719, 5.66152, 7, 4, 1, 7, 4, 7, 1, 1, 1, 1, 1, 1, 1
-5.85624, -1.18908, 3.42557, 7, 4, 1, 7, 7, 1, 1, 1, 1, 1, 1, 1, 1
-5.36547, -1.11465, 4.44597, 7, 4, 1, 7, 7, 4, 1, 1, 1, 1, 1, 1, 1
-4.96894, -1.2395, 5.11121, 7, 4, 1, 7, 7, 7, 1, 1, 1, 1, 1, 1, 1
-4.65258, -1.15737, 5.51113, 7, 4, 4, 1, 1, 1, 1, 1, 1, 1, 1, 1, 1
-4.2939, -1.4353, 5.94335, 7, 4, 4, 1, 1, 4, 1, 1, 1, 1, 1, 1, 1
-3.75205, -1.73723, 6.30516, 7, 4, 4, 1, 1, 7, 1, 1, 1, 1, 1, 1, 1
-5.05898, -0.91934, 5.02871, 7, 4, 4, 1, 4, 1, 1, 1, 1, 1, 1, 1, 1
-4.68313, -1.1256, 5.5027, 7, 4, 4, 1, 4, 4, 1, 1, 1, 1, 1, 1, 1
-4.33648, -1.39046, 5.91523, 7, 4, 4, 1, 4, 7, 1, 1, 1, 1, 1, 1, 1
-5.63529, -0.786698, 4.26289, 7, 4, 4, 1, 7, 1, 1, 1, 1, 1, 1, 1, 1
-5.18054, -0.884494, 4.96435, 7, 4, 4, 1, 7, 4, 1, 1, 1, 1, 1, 1, 1
-4.6308, -1.2237, 5.44304, 7, 4, 4, 4, 1, 1, 1, 1, 1, 1, 1, 1, 1
-4.27141, -1.50344, 5.86623, 7, 4, 4, 4, 1, 4, 1, 1, 1, 1, 1, 1, 1
-3.84881, -1.80705, 6.2226, 7, 4, 4, 4, 1, 7, 1, 1, 1, 1, 1, 1, 1
-5.09785, -0.994307, 4.90791, 7, 4, 4, 4, 4, 1, 1, 1, 1, 1, 1, 1, 1
-4.67475, -1.18283, 5.42492, 7, 4, 4, 4, 4, 4, 1, 1, 1, 1, 1, 1, 1
-4.33714, -1.44469, 5.82402, 7, 4, 4, 4, 4, 7, 1, 1, 1, 1, 1, 1, 1
-5.72609, -0.899047, 3.99012, 7, 4, 4, 4, 7, 1, 1, 1, 1, 1, 1, 1, 1
-5.24885, -0.95429, 4.78947, 7, 4, 4, 4, 7, 4, 1, 1, 1, 1, 1, 1, 1
-4.61388, -1.28629, 5.37463, 7, 4, 4, 7, 1, 1, 1, 1, 1, 1, 1, 1, 1
-4.25191, -1.56812, 5.78536, 7, 4, 4, 7, 1, 4, 1, 1, 1, 1, 1, 1, 1
-3.90151, -1.87113, 6.12823, 7, 4, 4, 7, 1, 7, 1, 1, 1, 1, 1, 1, 1
-5.13596, -1.07106, 4.78213, 7, 4, 4, 7, 4, 1, 1, 1, 1, 1, 1, 1, 1
-4.71466, -1.25875, 5.33622, 7, 4, 4, 7, 4, 4, 1, 1, 1, 1, 1, 1, 1
-4.36221, -1.50008, 5.74071, 7, 4, 4, 7, 4, 7, 1, 1, 1, 1, 1, 1, 1
-5.78029, -1.01532, 3.77755, 7, 4, 4, 7, 7, 1, 1, 1, 1, 1, 1, 1, 1
-5.30907, -1.03196, 4.62741, 7, 4, 4, 7, 7, 4, 1, 1, 1, 1, 1, 1, 1
-5.16765, -1.24184, 5.18484, 7, 4, 4, 7, 7, 7, 1, 1, 1, 1, 1, 1, 1
-4.66892, -1.08345, 5.57839, 7, 4, 7, 1, 1, 1, 1, 1, 1, 1, 1, 1, 1
-4.29846, -1.34948, 6.01797, 7, 4, 7, 1, 1, 4, 1, 1, 1, 1, 1, 1, 1
-3.68161, -1.63908, 6.38564, 7, 4, 7, 1, 1, 7, 1, 1, 1, 1, 1, 1, 1
-5.05118, -0.85325, 5.12902, 7, 4, 7, 1, 4, 1, 1, 1, 1, 1, 1, 1, 1
-4.68661, -1.06311, 5.58106, 7, 4, 7, 1, 4, 4, 1, 1, 1, 1, 1, 1, 1
-4.33546, -1.3276, 6.00437, 7, 4, 7, 1, 4, 7, 1, 1, 1, 1, 1, 1, 1
-5.54776, -0.699973, 4.52098, 7, 4, 7, 1, 7, 1, 1, 1, 1, 1, 1, 1, 1
-5.11298, -0.826253, 5.11747, 7, 4, 7, 1, 7, 4, 1, 1, 1, 1, 1, 1, 1
-4.65216, -1.15037, 5.51383, 7, 4, 7, 4, 1, 1, 1, 1, 1, 1, 1, 1, 1
-4.29161, -1.42057, 5.94396, 7, 4, 7, 4, 1, 4, 1, 1, 1, 1, 1, 1, 1
-3.77444, -1.71142, 6.30377, 7, 4, 7, 4, 1, 7, 1, 1, 1, 1, 1, 1, 1
-5.06691, -0.923107, 5.03157, 7, 4, 7, 4, 4, 1, 1, 1, 1, 1, 1, 1, 1
-4.67964, -1.12062, 5.50533, 7, 4, 7, 4, 4, 4, 1, 1, 1, 1, 1, 1, 1
-4.33384, -1.378, 5.91205, 7, 4, 7, 4, 4, 7, 1, 1, 1, 1, 1, 1, 1
-5.63131, -0.79186, 4.28498, 7, 4, 7, 4, 7, 1, 1, 1, 1, 1, 1, 1, 1
-5.18153, -0.890934, 4.9703, 7, 4, 7, 4, 7, 4, 1, 1, 1, 1, 1, 1, 1
-4.62811, -1.21176, 5.44876, 7, 4, 7, 7, 1, 1, 1, 1, 1, 1, 1, 1, 1
-4.26747, -1.48157, 5.86825, 7, 4, 7, 7, 1, 4, 1, 1, 1, 1, 1, 1, 1
-3.86452, -1.77091, 6.21759, 7, 4, 7, 7, 1, 7, 1, 1, 1, 1, 1, 1, 1
-5.10664, -0.995424, 4.91289, 7, 4, 7, 7, 4, 1, 1, 1, 1, 1, 1, 1, 1
-4.68721, -1.17526, 5.42415, 7, 4, 7, 7, 4, 4, 1, 1, 1, 1, 1, 1, 1
-4.3364, -1.42944, 5.82478, 7, 4, 7, 7, 4, 7, 1, 1, 1, 1, 1, 1, 1
-5.69067, -0.892545, 4.05578, 7, 4, 7, 7, 7, 1, 1, 1, 1, 1, 1, 1, 1
-5.24699, -0.961378, 4.79961, 7, 4, 7, 7, 7, 4, 1, 1, 1, 1, 1, 1, 1
-4.77113, -0.928847, 6.33982, 7, 7, 1, 1, 1, 1, 1, 1, 1, 1, 1, 1, 1
-4.3948, -1.19401, 6.43619, 7, 7, 1, 1, 1, 4, 1, 1, 1, 1, 1, 1, 1
-3.86999, -1.526, 6.75722, 7, 7, 1, 1, 1, 7, 1, 1, 1, 1, 1, 1, 1
-4.87084, -0.809159, 6.04109, 7, 7, 1, 1, 4, 4, 1, 1, 1, 1, 1, 1, 1
-4.53985, -1.07457, 6.3921, 7, 7, 1, 1, 4, 7, 1, 1, 1, 1, 1, 1, 1
-5.36885, -0.516721, 5.60679, 7, 7, 1, 1, 7, 4, 1, 1, 1, 1, 1, 1, 1
-4.83975, -0.989201, 6.16406, 7, 7, 1, 4, 1, 1, 1, 1, 1, 1, 1, 1, 1
-4.39218, -1.24158, 6.34431, 7, 7, 1, 4, 1, 4, 1, 1, 1, 1, 1, 1, 1
-3.9554, -1.59099, 6.67486, 7, 7, 1, 4, 1, 7, 1, 1, 1, 1, 1, 1, 1
-5.34999, -0.723774, 5.69594, 7, 7, 1, 4, 4, 1, 1, 1, 1, 1, 1, 1, 1
-4.85642, -0.872051, 5.9699, 7, 7, 1, 4, 4, 4, 1, 1, 1, 1, 1, 1, 1
-4.53096, -1.13109, 6.32889, 7, 7, 1, 4, 4, 7, 1, 1, 1, 1, 1, 1, 1
-5.68633, -0.441534, 5.0561, 7, 7, 1, 4, 7, 1, 1, 1, 1, 1, 1, 1, 1
-5.39752, -0.576347, 5.49802, 7, 7, 1, 4, 7, 4, 1, 1, 1, 1, 1, 1, 1
-5.25531, -0.834872, 6.03151, 7, 7, 1, 4, 7, 7, 1, 1, 1, 1, 1, 1, 1
-4.78494, -1.05605, 6.0164, 7, 7, 1, 7, 1, 1, 1, 1, 1, 1, 1, 1, 1
-4.35697, -1.31107, 6.29432, 7, 7, 1, 7, 1, 4, 1, 1, 1, 1, 1, 1, 1
-4.04328, -1.64178, 6.57801, 7, 7, 1, 7, 1, 7, 1, 1, 1, 1, 1, 1, 1
-5.17112, -0.72232, 5.50784, 7, 7, 1, 7, 4, 1, 1, 1, 1, 1, 1, 1, 1
-4.87811, -0.935588, 5.88907, 7, 7, 1, 7, 4, 4, 1, 1, 1, 1, 1, 1, 1
-4.55929, -1.19125, 6.2452, 7, 7, 1, 7, 4, 7, 1, 1, 1, 1, 1, 1, 1
-5.70047, -0.521098, 4.91055, 7, 7, 1, 7, 7, 1, 1, 1, 1, 1, 1, 1, 1
-5.42586, -0.645868, 5.37772, 7, 7, 1, 7, 7, 4, 1, 1, 1, 1, 1, 1, 1
-5.1478, -0.822969, 5.80527, 7, 7, 1, 7, 7, 7, 1, 1, 1, 1, 1, 1, 1
-4.24255, -1.14636, 6.62602, 7, 7, 4, 1, 1, 4, 1, 1, 1, 1, 1, 1, 1
-3.78164, -1.45405, 6.82193, 7, 7, 4, 1, 1, 7, 1, 1, 1, 1, 1, 1, 1
-4.90105, -0.799535, 6.3026, 7, 7, 4, 1, 4, 4, 1, 1, 1, 1, 1, 1, 1
-4.55605, -1.02054, 6.45609, 7, 7, 4, 1, 4, 7, 1, 1, 1, 1, 1, 1, 1
-5.37696, -0.483225, 5.72707, 7, 7, 4, 1, 7, 4, 1, 1, 1, 1, 1, 1, 1
-4.38753, -1.19516, 6.45095, 7, 7, 4, 4, 1, 4, 1, 1, 1, 1, 1, 1, 1
-3.89957, -1.50957, 6.74722, 7, 7, 4, 4, 1, 7, 1, 1, 1, 1, 1, 1, 1
-4.88449, -0.820651, 6.053, 7, 7, 4, 4, 4, 4, 1, 1, 1, 1, 1, 1, 1
-4.54089, -1.07471, 6.38634, 7, 7, 4, 4, 4, 7, 1, 1, 1, 1, 1, 1, 1
-5.38216, -0.531399, 5.59155, 7, 7, 4, 4, 7, 4, 1, 1, 1, 1, 1, 1, 1
-4.3951, -1.23569, 6.35047, 7, 7, 4, 7, 1, 4, 1, 1, 1, 1, 1, 1, 1
-4.03369, -1.5566, 6.64947, 7, 7, 4, 7, 1, 7, 1, 1, 1, 1, 1, 1, 1
-4.88114, -0.878523, 5.95735, 7, 7, 4, 7, 4, 4, 1, 1, 1, 1, 1, 1, 1
-4.55159, -1.13171, 6.31978, 7, 7, 4, 7, 4, 7, 1, 1, 1, 1, 1, 1, 1
-5.42266, -0.595962, 5.47446, 7, 7, 4, 7, 7, 4, 1, 1, 1, 1, 1, 1, 1
-5.23236, -0.837878, 5.97617, 7, 7, 4, 7, 7, 7, 1, 1, 1, 1, 1, 1, 1
-4.08179, -1.09489, 6.79392, 7, 7, 7, 1, 1, 4, 1, 1, 1, 1, 1, 1, 1
-3.69111, -1.38258, 6.87551, 7, 7, 7, 1, 1, 7, 1, 1, 1, 1, 1, 1, 1
-4.4805, -0.996137, 6.62468, 7, 7, 7, 1, 4, 7, 1, 1, 1, 1, 1, 1, 1
-4.2537, -1.14643, 6.65054, 7, 7, 7, 4, 1, 4, 1, 1, 1, 1, 1, 1, 1
-3.82341, -1.43296, 6.80921, 7, 7, 7, 4, 1, 7, 1, 1, 1, 1, 1, 1, 1
-4.93948, -0.807579, 6.37739, 7, 7, 7, 4, 4, 4, 1, 1, 1, 1, 1, 1, 1
-4.55623, -1.01999, 6.44722, 7, 7, 7, 4, 4, 7, 1, 1, 1, 1, 1, 1, 1
-5.48477, -0.5498, 5.80738, 7, 7, 7, 4, 7, 4, 1, 1, 1, 1, 1, 1, 1
-4.37029, -1.19809, 6.49199, 7, 7, 7, 7, 1, 4, 1, 1, 1, 1, 1, 1, 1
-3.93063, -1.48616, 6.73864, 7, 7, 7, 7, 1, 7, 1, 1, 1, 1, 1, 1, 1
-4.94156, -0.86141, 6.14224, 7, 7, 7, 7, 4, 4, 1, 1, 1, 1, 1, 1, 1
-4.54231, -1.07591, 6.38266, 7, 7, 7, 7, 4, 7, 1, 1, 1, 1, 1, 1, 1
-5.40082, -0.553562, 5.57089, 7, 7, 7, 7, 7, 4, 1, 1, 1, 1, 1, 1, 1
-4.85486, -0.993401, 5.89359, 1, 1, 1, 1, 1, 1, 1, 1, 1, 1, 1, 1, 1
-3.21558, -0.477587, 5.69344, 1, 1, 1, 1, 1, 1, 1, 1, 1, 1, 1, 1, 9
-6.36193, -1.85895, 6.70462, 1, 1, 1, 1, 1, 1, 1, 1, 1, 1, 1, 9, 1
-5.0402, -1.16382, 5.95967, 1, 1, 1, 1, 1, 1, 1, 1, 1, 1, 9, 1, 1
-3.41047, -0.588297, 5.61149, 1, 1, 1, 1, 1, 1, 1, 1, 1, 1, 9, 1, 9
-6.7122, -2.1735, 7.18437, 1, 1, 1, 1, 1, 1, 1, 1, 1, 1, 9, 9, 1
-4.65965, -0.808906, 5.81632, 1, 1, 1, 1, 1, 1, 1, 1, 1, 9, 1, 1, 1
-2.82133, -0.391678, 5.6872, 1, 1, 1, 1, 1, 1, 1, 1, 1, 9, 1, 1, 9
-6.00445, -1.51746, 6.2399, 1, 1, 1, 1, 1, 1, 1, 1, 1, 9, 1, 9, 1
-5.02103, -0.805517, 5.71724, 1, 1, 1, 1, 1, 1, 1, 9, 9, 1, 1, 1, 1
-3.66416, -0.317654, 5.36884, 1, 1, 1, 1, 1, 1, 1, 9, 9, 1, 1, 1, 9
-6.79816, -1.67418, 7.03369, 1, 1, 1, 1, 1, 1, 1, 9, 9, 1, 1, 9, 1
-5.19232, -0.986325, 5.81298, 1, 1, 1, 1, 1, 1, 1, 9, 9, 1, 9, 1, 1
-3.91035, -0.425686, 5.46593, 1, 1, 1, 1, 1, 1, 1, 9, 9, 1, 9, 1, 9
-7.32308, -2.14616, 7.77172, 1, 1, 1, 1, 1, 1, 1, 9, 9, 1, 9, 9, 1
-4.8514, -0.579089, 5.63406, 1, 1, 1, 1, 1, 1, 1, 9, 9, 9, 1, 1, 1
-6.2825, -1.21535, 6.35344, 1, 1, 1, 1, 1, 1, 1, 9, 9, 9, 1, 9, 1
-4.73341, -1.15148, 6.05753, 1, 1, 1, 1, 1, 1, 9, 1, 1, 1, 1, 1, 1
-2.94873, -0.689969, 5.82902, 1, 1, 1, 1, 1, 1, 9, 1, 1, 1, 1, 1, 9
-5.95609, -1.95618, 6.62098, 1, 1, 1, 1, 1, 1, 9, 1, 1, 1, 1, 9, 1
-4.88111, -1.34059, 6.14528, 1, 1, 1, 1, 1, 1, 9, 1, 1, 1, 9, 1, 1
-3.08372, -0.82089, 5.75044, 1, 1, 1, 1, 1, 1, 9, 1, 1, 1, 9, 1, 9
-6.1449, -2.22748, 6.93374, 1, 1, 1, 1, 1, 1, 9, 1, 1, 1, 9, 9, 1
-4.57407, -0.948632, 6.00229, 1, 1, 1, 1, 1, 1, 9, 1, 1, 9, 1, 1, 1
-2.2915, -0.674149, 5.9836, 1, 1, 1, 1, 1, 1, 9, 1, 1, 9, 1, 1, 9
-5.76641, -1.63722, 6.31732, 1, 1, 1, 1, 1, 1, 9, 1, 1, 9, 1, 9, 1
-3.63352, -1.84454, 6.80536, 1, 1, 1, 1, 1, 9, 1, 1, 1, 1, 1, 1, 1
3.12223, -2.37092, 7.68058, 1, 1, 1, 1, 1, 9, 1, 1, 1, 1, 1, 1, 9
-5.38359, -2.46107, 7.09506, 1, 1, 1, 1, 1, 9, 1, 1, 1, 1, 1, 9, 1
-4.01056, -2.0073, 6.78226, 1, 1, 1, 1, 1, 9, 1, 1, 1, 1, 9, 1, 1
2.59285, -2.08881, 7.55288, 1, 1, 1, 1, 1, 9, 1, 1, 1, 1, 9, 1, 9
-5.65047, -2.68721, 7.08217, 1, 1, 1, 1, 1, 9, 1, 1, 1, 1, 9, 9, 1
-3.06516, -1.67056, 6.75929, 1, 1, 1, 1, 1, 9, 1, 1, 1, 9, 1, 1, 1
3.46722, -2.61243, 7.70629, 1, 1, 1, 1, 1, 9, 1, 1, 1, 9, 1, 1, 9
-5.00285, -2.14656, 6.90382, 1, 1, 1, 1, 1, 9, 1, 1, 1, 9, 1, 9, 1
-4.00132, -1.52888, 6.68098, 1, 1, 1, 1, 1, 9, 1, 9, 9, 1, 1, 1, 1
3.66396, -2.05833, 7.90688, 1, 1, 1, 1, 1, 9, 1, 9, 9, 1, 1, 1, 9
-5.41398, -2.06159, 7.08181, 1, 1, 1, 1, 1, 9, 1, 9, 9, 1, 1, 9, 1
-4.33983, -1.71827, 6.6478, 1, 1, 1, 1, 1, 9, 1, 9, 9, 1, 9, 1, 1
-2.20423, -1.51331, 6.51099, 1, 1, 1, 1, 1, 9, 1, 9, 9, 1, 9, 1, 9
-5.59392, -2.30373, 7.04578, 1, 1, 1, 1, 1, 9, 1, 9, 9, 1, 9, 9, 1
-3.70662, -1.25738, 6.577, 1, 1, 1, 1, 1, 9, 1, 9, 9, 9, 1, 1, 1
3.90573, -2.29251, 7.83966, 1, 1, 1, 1, 1, 9, 1, 9, 9, 9, 1, 1, 9
-4.86459, -1.58565, 6.6926, 1, 1, 1, 1, 1, 9, 1, 9, 9, 9, 1, 9, 1
-3.15764, -2.17522, 6.90076, 1, 1, 1, 1, 1, 9, 9, 1, 1, 1, 1, 1, 1
2.47744, -2.64624, 7.68651, 1, 1, 1, 1, 1, 9, 9, 1, 1, 1, 1, 1, 9
-5.16015, -2.73081, 7.19821, 1, 1, 1, 1, 1, 9, 9, 1, 1, 1, 1, 9, 1
-3.74685, -2.32765, 6.92409, 1, 1, 1, 1, 1, 9, 9, 1, 1, 1, 9, 1, 1
1.93987, -2.37765, 7.55099, 1, 1, 1, 1, 1, 9, 9, 1, 1, 1, 9, 1, 9
-5.41754, -3.03162, 7.2193, 1, 1, 1, 1, 1, 9, 9, 1, 1, 1, 9, 9, 1
-2.26323, -2.09222, 6.91044, 1, 1, 1, 1, 1, 9, 9, 1, 1, 9, 1, 1, 1
2.88149, -2.90227, 7.73946, 1, 1, 1, 1, 1, 9, 9, 1, 1, 9, 1, 1, 9
-4.77875, -2.3117, 6.94398, 1, 1, 1, 1, 1, 9, 9, 1, 1, 9, 1, 9, 1
-6.08055, -0.541422, 4.30347, 1, 1, 1, 1, 9, 1, 1, 1, 1, 1, 1, 1, 1
-7.83845, -2.03707, -5.14361, 1, 1, 1, 1, 9, 1, 1, 1, 1, 1, 1, 1, 9
-6.90329, -1.33685, 5.93834, 1, 1, 1, 1, 9, 1, 1, 1, 1, 1, 1, 9, 1
-6.14227, -0.657397, 4.80133, 1, 1, 1, 1, 9, 1, 1, 1, 1, 1, 9, 1, 1
-5.48139, 0.0951045, 3.47617, 1, 1, 1, 1, 9, 1, 1, 1, 1, 1, 9, 1, 9
-10.1189, -2.35678, 10.8801, 1, 1, 1, 1, 9, 1, 1, 1, 1, 1, 9, 9, 1
-9.78117, -2.41141, -2.60657, 1, 1, 1, 1, 9, 1, 1, 1, 1, 9, 1, 1, 1
-10.0019, -2.65929, -4.06736, 1, 1, 1, 1, 9, 1, 1, 1, 1, 9, 1, 1, 9
-6.97807, -1.22176, 4.47499, 1, 1, 1, 1, 9, 1, 1, 1, 1, 9, 1, 9, 1
-6.29018, -0.479526, 3.89684, 1, 1, 1, 1, 9, 1, 1, 9, 9, 1, 1, 1, 1
-7.87593, -2.35915, -5.38588, 1, 1, 1, 1, 9, 1, 1, 9, 9, 1, 1, 1, 9
-9.38976, -2.68392, 12.0032, 1, 1, 1, 1, 9, 1, 1, 9, 9, 1, 1, 9, 1
-7.37315, -0.583851, -0.530999, 1, 1, 1, 1, 9, 1, 1, 9, 9, 1, 9, 1, 9
-9.43798, -2.96617, 11.6402, 1, 1, 1, 1, 9, 1, 1, 9, 9, 1, 9, 9, 1
-9.92938, -2.67653, -2.85158, 1, 1, 1, 1, 9, 1, 1, 9, 9, 9, 1, 1, 1
-9.94236, -2.97672, -4.29082, 1, 1, 1, 1, 9, 1, 1, 9, 9, 9, 1, 1, 9
-6.83483, -0.971117, 4.96365, 1, 1, 1, 1, 9, 1, 1, 9, 9, 9, 1, 9, 1
-6.0805, -0.640601, 4.50182, 1, 1, 1, 1, 9, 1, 9, 1, 1, 1, 1, 1, 1
-7.6698, -1.7066, -4.66357, 1, 1, 1, 1, 9, 1, 9, 1, 1, 1, 1, 1, 9
-6.65674, -1.41051, 5.67577, 1, 1, 1, 1, 9, 1, 9, 1, 1, 1, 1, 9, 1
-6.00117, -0.770664, 4.99513, 1, 1, 1, 1, 9, 1, 9, 1, 1, 1, 9, 1, 1
-5.12552, -0.0424237, 3.81137, 1, 1, 1, 1, 9, 1, 9, 1, 1, 1, 9, 1, 9
-6.83463, -1.57915, 6.32037, 1, 1, 1, 1, 9, 1, 9, 1, 1, 1, 9, 9, 1
-6.15673, -0.530309, 3.93181, 1, 1, 1, 1, 9, 1, 9, 1, 1, 9, 1, 1, 1
-9.55533, -2.30812, -3.72324, 1, 1, 1, 1, 9, 1, 9, 1, 1, 9, 1, 1, 9
-6.62808, -1.34095, 5.20477, 1, 1, 1, 1, 9, 1, 9, 1, 1, 9, 1, 9, 1
-4.84789, -1.15903, 5.67233, 1, 1, 1, 9, 1, 1, 1, 1, 1, 1, 1, 1, 1
-3.45802, -0.620583, 5.35362, 1, 1, 1, 9, 1, 1, 1, 1, 1, 1, 1, 1, 9
-6.15575, -2.03239, 6.26991, 1, 1, 1, 9, 1, 1, 1, 1, 1, 1, 1, 9, 1
-5.00749, -1.35219, 5.76731, 1, 1, 1, 9, 1, 1, 1, 1, 1, 1, 9, 1, 1
-3.67594, -0.744005, 5.39888, 1, 1, 1, 9, 1, 1, 1, 1, 1, 1, 9, 1, 9
-6.36376, -2.31378, 6.55008, 1, 1, 1, 9, 1, 1, 1, 1, 1, 1, 9, 9, 1
-4.67868, -1.01261, 5.60086, 1, 1, 1, 9, 1, 1, 1, 1, 1, 9, 1, 1, 1
-5.82601, -1.74022, 5.93932, 1, 1, 1, 9, 1, 1, 1, 1, 1, 9, 1, 9, 1
-4.9721, -0.95834, 5.50948, 1, 1, 1, 9, 1, 1, 1, 9, 9, 1, 1, 1, 1
-6.43843, -1.76028, 6.38337, 1, 1, 1, 9, 1, 1, 1, 9, 9, 1, 1, 9, 1
-5.1856, -1.16366, 5.58159, 1, 1, 1, 9, 1, 1, 1, 9, 9, 1, 9, 1, 1
-6.6552, -2.08676, 6.67627, 1, 1, 1, 9, 1, 1, 1, 9, 9, 1, 9, 9, 1
-4.84274, -0.744373, 5.42685, 1, 1, 1, 9, 1, 1, 1, 9, 9, 9, 1, 1, 1
-6.00083, -1.37837, 6.05083, 1, 1, 1, 9, 1, 1, 1, 9, 9, 9, 1, 9, 1
-4.73651, -1.35194, 5.81304, 1, 1, 1, 9, 1, 1, 9, 1, 1, 1, 1, 1, 1
-3.2133, -0.822395, 5.4943, 1, 1, 1, 9, 1, 1, 9, 1, 1, 1, 1, 1, 9
-5.81653, -2.1338, 6.2249, 1, 1, 1, 9, 1, 1, 9, 1, 1, 1, 1, 9, 1
-4.88694, -1.55422, 5.91036, 1, 1, 1, 9, 1, 1, 9, 1, 1, 1, 9, 1, 1
-3.34597, -0.977585, 5.47441, 1, 1, 1, 9, 1, 1, 9, 1, 1, 1, 9, 1, 9
-5.97451, -2.39876, 6.43942, 1, 1, 1, 9, 1, 1, 9, 1, 1, 1, 9, 9, 1
-4.562, -1.17152, 5.74032, 1, 1, 1, 9, 1, 1, 9, 1, 1, 9, 1, 1, 1
-2.96008, -0.740749, 5.51943, 1, 1, 1, 9, 1, 1, 9, 1, 1, 9, 1, 1, 9
-5.62665, -1.87015, 6.00488, 1, 1, 1, 9, 1, 1, 9, 1, 1, 9, 1, 9, 1
-3.8962, -1.96189, 6.5075, 1, 1, 1, 9, 1, 9, 1, 1, 1, 1, 1, 1, 1
-0.839214, -1.85524, 6.50749, 1, 1, 1, 9, 1, 9, 1, 1, 1, 1, 1, 1, 9
-5.24049, -2.56984, 6.69805, 1, 1, 1, 9, 1, 9, 1, 1, 1, 1, 1, 9, 1
-4.13453, -2.15373, 6.55172, 1, 1, 1, 9, 1, 9, 1, 1, 1, 1, 9, 1, 1
-1.72014, -1.95568, 6.42313, 1, 1, 1, 9, 1, 9, 1, 1, 1, 1, 9, 1, 9
-5.46998, -2.81563, 6.71537, 1, 1, 1, 9, 1, 9, 1, 1, 1, 1, 9, 9, 1
-3.55021, -1.79397, 6.42951, 1, 1, 1, 9, 1, 9, 1, 1, 1, 9, 1, 1, 1
-4.97112, -2.29605, 6.47297, 1, 1, 1, 9, 1, 9, 1, 1, 1, 9, 1, 9, 1
-4.07238, -1.67186, 6.42749, 1, 1, 1, 9, 1, 9, 1, 9, 9, 1, 1, 1, 1
-5.22779, -2.13164, 6.73298, 1, 1, 1, 9, 1, 9, 1, 9, 9, 1, 1, 9, 1
-4.38174, -1.87333, 6.46012, 1, 1, 1, 9, 1, 9, 1, 9, 9, 1, 9, 1, 1
-5.34537, -2.35894, 6.74476, 1, 1, 1, 9, 1, 9, 1, 9, 9, 1, 9, 9, 1
-3.90037, -1.39423, 6.2244, 1, 1, 1, 9, 1, 9, 1, 9, 9, 9, 1, 1, 1
-4.66819, -1.68877, 6.29276, 1, 1, 1, 9, 1, 9, 1, 9, 9, 9, 1, 9, 1
-3.63617, -2.23913, 6.55478, 1, 1, 1, 9, 1, 9, 9, 1, 1, 1, 1, 1, 1
-1.0574, -2.08597, 6.57759, 1, 1, 1, 9, 1, 9, 9, 1, 1, 1, 1, 1, 9
-5.02421, -2.87309, 6.73019, 1, 1, 1, 9, 1, 9, 9, 1, 1, 1, 1, 9, 1
-4.00167, -2.41463, 6.60047, 1, 1, 1, 9, 1, 9, 9, 1, 1, 1, 9, 1, 1
-1.72789, -2.15687, 6.52484, 1, 1, 1, 9, 1, 9, 9, 1, 1, 1, 9, 1, 9
-5.21987, -3.20863, 6.79181, 1, 1, 1, 9, 1, 9, 9, 1, 1, 1, 9, 9, 1
-3.10924, -2.09482, 6.53806, 1, 1, 1, 9, 1, 9, 9, 1, 1, 9, 1, 1, 1
-0.413408, -2.09696, 6.69369, 1, 1, 1, 9, 1, 9, 9, 1, 1, 9, 1, 1, 9
-4.75459, -2.55071, 6.55592, 1, 1, 1, 9, 1, 9, 9, 1, 1, 9, 1, 9, 1
-6.15136, -0.81609, 3.78398, 1, 1, 1, 9, 9, 1, 1, 1, 1, 1, 1, 1, 1
-7.73077, -2.14146, -4.83609, 1, 1, 1, 9, 9, 1, 1, 1, 1, 1, 1, 1, 9
-6.66024, -1.48321, 5.3012, 1, 1, 1, 9, 9, 1, 1, 1, 1, 1, 1, 9, 1
-6.22367, -0.89147, 4.26642, 1, 1, 1, 9, 9, 1, 1, 1, 1, 1, 9, 1, 1
-7.06707, -1.66251, 6.16385, 1, 1, 1, 9, 9, 1, 1, 1, 1, 1, 9, 9, 1
-9.52611, -2.54127, -2.44908, 1, 1, 1, 9, 9, 1, 1, 1, 1, 9, 1, 1, 1
-9.58331, -2.80955, -3.80092, 1, 1, 1, 9, 9, 1, 1, 1, 1, 9, 1, 1, 9
-9.37001, -2.27028, -1.33097, 1, 1, 1, 9, 9, 1, 1, 1, 1, 9, 1, 9, 1
-6.37329, -0.775748, 3.27861, 1, 1, 1, 9, 9, 1, 1, 9, 9, 1, 1, 1, 1
-7.75472, -2.43899, -5.06799, 1, 1, 1, 9, 9, 1, 1, 9, 9, 1, 1, 1, 9
-6.34526, -0.803974, 3.95204, 1, 1, 1, 9, 9, 1, 1, 9, 9, 1, 9, 1, 1
-7.25131, -0.856872, -0.421198, 1, 1, 1, 9, 9, 1, 1, 9, 9, 1, 9, 1, 9
-9.32097, -2.72904, 11.2717, 1, 1, 1, 9, 9, 1, 1, 9, 9, 1, 9, 9, 1
-9.59293, -2.83322, -2.78812, 1, 1, 1, 9, 9, 1, 1, 9, 9, 9, 1, 1, 1
-9.54809, -3.16694, -3.948, 1, 1, 1, 9, 9, 1, 1, 9, 9, 9, 1, 1, 9
-6.69223, -1.14185, 4.56169, 1, 1, 1, 9, 9, 1, 1, 9, 9, 9, 1, 9, 1
-6.17672, -0.910359, 4.00205, 1, 1, 1, 9, 9, 1, 9, 1, 1, 1, 1, 1, 1
-7.45396, -1.85943, -4.49327, 1, 1, 1, 9, 9, 1, 9, 1, 1, 1, 1, 1, 9
-6.5197, -1.57544, 5.37703, 1, 1, 1, 9, 9, 1, 9, 1, 1, 1, 1, 9, 1
-6.19724, -1.04874, 4.48153, 1, 1, 1, 9, 9, 1, 9, 1, 1, 1, 9, 1, 1
-9.33812, -2.10772, -2.45229, 1, 1, 1, 9, 9, 1, 9, 1, 1, 9, 1, 1, 1
-9.09309, -2.37576, -3.67467, 1, 1, 1, 9, 9, 1, 9, 1, 1, 9, 1, 1, 9
-6.45436, -1.57891, 5.02116, 1, 1, 1, 9, 9, 1, 9, 1, 1, 9, 1, 9, 1
-4.91738, -0.789083, 6.10932, 1, 1, 9, 1, 1, 1, 1, 1, 1, 1, 1, 1, 1
-2.58981, -0.364146, 6.00955, 1, 1, 9, 1, 1, 1, 1, 1, 1, 1, 1, 1, 9
-6.68842, -1.70824, 7.38592, 1, 1, 9, 1, 1, 1, 1, 1, 1, 1, 1, 9, 1
-5.08748, -0.93993, 6.19877, 1, 1, 9, 1, 1, 1, 1, 1, 1, 1, 9, 1, 1
-3.02688, -0.435898, 5.83792, 1, 1, 9, 1, 1, 1, 1, 1, 1, 1, 9, 1, 9
-7.15315, -2.10022, 7.97943, 1, 1, 9, 1, 1, 1, 1, 1, 1, 1, 9, 9, 1
-4.72389, -0.559224, 6.07331, 1, 1, 9, 1, 1, 1, 1, 1, 1, 9, 1, 1, 1
5.14471, -2.67598, 6.16965, 1, 1, 9, 1, 1, 1, 1, 1, 1, 9, 1, 1, 9
-6.14046, -1.22271, 6.69954, 1, 1, 9, 1, 1, 1, 1, 1, 1, 9, 1, 9, 1
-5.06714, -0.559173, 5.93995, 1, 1, 9, 1, 1, 1, 1, 9, 9, 1, 1, 1, 1
-7.35837, -1.59385, 8.16609, 1, 1, 9, 1, 1, 1, 1, 9, 9, 1, 1, 9, 1
-5.22617, -0.709896, 6.05179, 1, 1, 9, 1, 1, 1, 1, 9, 9, 1, 9, 1, 1
-3.64082, -0.252484, 5.73195, 1, 1, 9, 1, 1, 1, 1, 9, 9, 1, 9, 1, 9
-7.50593, -1.9052, 8.23594, 1, 1, 9, 1, 1, 1, 1, 9, 9, 1, 9, 9, 1
-4.88446, -0.306709, 5.85457, 1, 1, 9, 1, 1, 1, 1, 9, 9, 9, 1, 1, 1
-6.4703, -0.920695, 6.96249, 1, 1, 9, 1, 1, 1, 1, 9, 9, 9, 1, 9, 1
-4.74532, -0.971578, 6.2564, 1, 1, 9, 1, 1, 1, 9, 1, 1, 1, 1, 1, 1
4.5183, -2.55214, 6.25566, 1, 1, 9, 1, 1, 1, 9, 1, 1, 1, 1, 1, 9
-6.06907, -1.78073, 7.06439, 1, 1, 9, 1, 1, 1, 9, 1, 1, 1, 1, 9, 1
-4.91193, -1.14846, 6.36587, 1, 1, 9, 1, 1, 1, 9, 1, 1, 1, 9, 1, 1
-2.54963, -0.746085, 5.99509, 1, 1, 9, 1, 1, 1, 9, 1, 1, 1, 9, 1, 9
-6.4133, -2.09322, 7.42837, 1, 1, 9, 1, 1, 1, 9, 1, 1, 1, 9, 9, 1
-4.58642, -0.723451, 6.21236, 1, 1, 9, 1, 1, 1, 9, 1, 1, 9, 1, 1, 1
4.83496, -2.842, 6.23378, 1, 1, 9, 1, 1, 1, 9, 1, 1, 9, 1, 1, 9
-5.73625, -1.34973, 6.61223, 1, 1, 9, 1, 1, 1, 9, 1, 1, 9, 1, 9, 1
-3.17422, -1.6468, 6.98946, 1, 1, 9, 1, 1, 9, 1, 1, 1, 1, 1, 1, 1
3.11634, -3.05873, 6.90187, 1, 1, 9, 1, 1, 9, 1, 1, 1, 1, 1, 1, 9
-5.35934, -2.20486, 7.41071, 1, 1, 9, 1, 1, 9, 1, 1, 1, 1, 1, 9, 1
-3.74799, -1.73971, 6.98187, 1, 1, 9, 1, 1, 9, 1, 1, 1, 1, 9, 1, 1
2.94121, -2.55552, 6.69382, 1, 1, 9, 1, 1, 9, 1, 1, 1, 1, 9, 1, 9
-5.71542, -2.4497, 7.52261, 1, 1, 9, 1, 1, 9, 1, 1, 1, 1, 9, 9, 1
-1.97729, -1.58341, 6.99831, 1, 1, 9, 1, 1, 9, 1, 1, 1, 9, 1, 1, 1
3.44695, -3.38747, 7.00043, 1, 1, 9, 1, 1, 9, 1, 1, 1, 9, 1, 1, 9
-4.87712, -1.73671, 7.05636, 1, 1, 9, 1, 1, 9, 1, 1, 1, 9, 1, 9, 1
-3.77294, -1.21593, 6.84937, 1, 1, 9, 1, 1, 9, 1, 9, 9, 1, 1, 1, 1
3.7038, -2.52664, 6.84144, 1, 1, 9, 1, 1, 9, 1, 9, 9, 1, 1, 1, 9
-5.28271, -1.68934, 7.22381, 1, 1, 9, 1, 1, 9, 1, 9, 9, 1, 1, 9, 1
-4.10788, -1.36707, 6.75437, 1, 1, 9, 1, 1, 9, 1, 9, 9, 1, 9, 1, 1
3.43661, -1.96832, 6.7617, 1, 1, 9, 1, 1, 9, 1, 9, 9, 1, 9, 1, 9
-5.40126, -1.82907, 7.09083, 1, 1, 9, 1, 1, 9, 1, 9, 9, 1, 9, 9, 1
-3.27893, -0.938628, 6.78088, 1, 1, 9, 1, 1, 9, 1, 9, 9, 9, 1, 1, 1
3.87396, -2.85277, 6.93305, 1, 1, 9, 1, 1, 9, 1, 9, 9, 9, 1, 1, 9
-4.87517, -1.27838, 6.72654, 1, 1, 9, 1, 1, 9, 1, 9, 9, 9, 1, 9, 1
-2.27655, -2.14531, 7.12917, 1, 1, 9, 1, 1, 9, 9, 1, 1, 1, 1, 1, 1
2.63924, -3.38758, 7.02422, 1, 1, 9, 1, 1, 9, 9, 1, 1, 1, 1, 1, 9
-5.08053, -2.39697, 7.44306, 1, 1, 9, 1, 1, 9, 9, 1, 1, 1, 1, 9, 1
-3.45053, -2.08392, 7.1213, 1, 1, 9, 1, 1, 9, 9, 1, 1, 1, 9, 1, 1
2.42236, -2.739, 6.94272, 1, 1, 9, 1, 1, 9, 9, 1, 1, 1, 9, 1, 9
-5.40862, -2.73078, 7.59718, 1, 1, 9, 1, 1, 9, 9, 1, 1, 1, 9, 9, 1
-1.75489, -1.9067, 7.07227, 1, 1, 9, 1, 1, 9, 9, 1, 1, 9, 1, 1, 1
3.05188, -3.82745, 7.09682, 1, 1, 9, 1, 1, 9, 9, 1, 1, 9, 1, 1, 9
-4.62259, -1.88481, 7.03756, 1, 1, 9, 1, 1, 9, 9, 1, 1, 9, 1, 9, 1
-6.05486, -0.355398, 5.02962, 1, 1, 9, 1, 9, 1, 1, 1, 1, 1, 1, 1, 1
-4.89122, 0.436597, 4.20088, 1, 1, 9, 1, 9, 1, 1, 1, 1, 1, 1, 1, 9
-7.51285, -1.46796, 7.7504, 1, 1, 9, 1, 9, 1, 1, 1, 1, 1, 1, 9, 1
-9.93742, -2.49239, 11.2353, 1, 1, 9, 1, 9, 1, 1, 1, 1, 1, 9, 9, 1
-9.9722, -2.40811, -4.44586, 1, 1, 9, 1, 9, 1, 1, 1, 1, 9, 1, 1, 9
-6.71245, -1.00802, 5.87484, 1, 1, 9, 1, 9, 1, 1, 1, 1, 9, 1, 9, 1
-5.05618, 0.518033, 3.84946, 1, 1, 9, 1, 9, 1, 1, 9, 9, 1, 1, 1, 9
-9.42776, -2.81419, 12.4564, 1, 1, 9, 1, 9, 1, 1, 9, 9, 1, 1, 9, 1
-9.62711, -3.13994, 11.8845, 1, 1, 9, 1, 9, 1, 1, 9, 9, 1, 9, 9, 1
-9.9881, -2.71338, -4.6544, 1, 1, 9, 1, 9, 1, 1, 9, 9, 9, 1, 1, 9
-10.0798, -2.54306, 12.5915, 1, 1, 9, 1, 9, 1, 1, 9, 9, 9, 1, 9, 1
-5.83647, -0.446086, 5.20369, 1, 1, 9, 1, 9, 1, 9, 1, 1, 1, 1, 1, 1
-4.47548, 0.238673, 4.55411, 1, 1, 9, 1, 9, 1, 9, 1, 1, 1, 1, 1, 9
-6.71862, -1.37861, 6.41453, 1, 1, 9, 1, 9, 1, 9, 1, 1, 1, 1, 9, 1
-4.4646, 0.122, 4.51781, 1, 1, 9, 1, 9, 1, 9, 1, 1, 1, 9, 1, 9
-5.89303, -0.284051, 4.84919, 1, 1, 9, 1, 9, 1, 9, 1, 1, 9, 1, 1, 1
-4.55942, 0.409293, 4.33941, 1, 1, 9, 1, 9, 1, 9, 1, 1, 9, 1, 1, 9
-6.41182, -1.13942, 5.77026, 1, 1, 9, 1, 9, 1, 9, 1, 1, 9, 1, 9, 1
-6.42538, -1.37485, 5.5393, 1, 1, 9, 9, 9, 1, 9, 1, 1, 9, 1, 9, 1
-5.66956, -0.463704, 7.99585, 1, 9, 1, 1, 1, 1, 1, 1, 1, 1, 1, 1, 1
5.92688, -2.02698, 9.31824, 1, 9, 1, 1, 1, 1, 1, 1, 1, 1, 1, 1, 9
-10.5674, -2.35267, 12.2212, 1, 9, 1, 1, 1, 1, 1, 1, 1, 1, 1, 9, 1
-6.02733, -0.710535, 8.33209, 1, 9, 1, 1, 1, 1, 1, 1, 1, 1, 9, 1, 1
5.49989, -1.71366, 9.33691, 1, 9, 1, 1, 1, 1, 1, 1, 1, 1, 9, 1, 9
-10.3108, -2.64655, 11.6509, 1, 9, 1, 1, 1, 1, 1, 1, 1, 1, 9, 9, 1
-5.13533, -0.323177, 7.62002, 1, 9, 1, 1, 1, 1, 1, 1, 1, 9, 1, 1, 1
6.21987, -2.36651, 9.17606, 1, 9, 1, 1, 1, 1, 1, 1, 1, 9, 1, 1, 9
-10.9116, -2.05888, 12.7005, 1, 9, 1, 1, 1, 1, 1, 1, 1, 9, 1, 9, 1
-6.26971, -0.380733, 8.44526, 1, 9, 1, 1, 1, 1, 1, 9, 9, 1, 1, 1, 1
-3.42283, 0.474173, 7.17982, 1, 9, 1, 1, 1, 1, 1, 9, 9, 1, 1, 1, 9
-9.86739, -3.05698, 12.6677, 1, 9, 1, 1, 1, 1, 1, 9, 9, 1, 1, 9, 1
-9.97133, -2.55526, 14.3838, 1, 9, 1, 1, 1, 1, 1, 9, 9, 1, 9, 1, 1
-3.97499, 0.26594, 7.3806, 1, 9, 1, 1, 1, 1, 1, 9, 9, 1, 9, 1, 9
-9.77701, -3.38545, 12.1138, 1, 9, 1, 1, 1, 1, 1, 9, 9, 1, 9, 9, 1
-2.95471, 0.544809, 7.14545, 1, 9, 1, 1, 1, 1, 1, 9, 9, 9, 1, 1, 9
-9.99885, -2.5279, 13.2155, 1, 9, 1, 1, 1, 1, 1, 9, 9, 9, 1, 9, 1
-5.22857, -0.625774, 7.88783, 1, 9, 1, 1, 1, 1, 9, 1, 1, 1, 1, 1, 1
5.57637, -2.15066, 8.98151, 1, 9, 1, 1, 1, 1, 9, 1, 1, 1, 1, 1, 9
-7.56877, -1.85636, 9.42352, 1, 9, 1, 1, 1, 1, 9, 1, 1, 1, 1, 9, 1
-5.55899, -0.826024, 8.18027, 1, 9, 1, 1, 1, 1, 9, 1, 1, 1, 9, 1, 1
5.2838, -1.8553, 8.84862, 1, 9, 1, 1, 1, 1, 9, 1, 1, 1, 9, 1, 9
-7.55473, -2.08641, 9.21209, 1, 9, 1, 1, 1, 1, 9, 1, 1, 1, 9, 9, 1
5.79775, -2.45102, 9.02246, 1, 9, 1, 1, 1, 1, 9, 1, 1, 9, 1, 1, 9
-3.98186, -1.34127, 7.81105, 1, 9, 1, 1, 1, 9, 1, 1, 1, 1, 1, 1, 1
3.6653, -2.50742, 8.21148, 1, 9, 1, 1, 1, 9, 1, 1, 1, 1, 1, 1, 9
-6.11873, -2.04483, 8.11745, 1, 9, 1, 1, 1, 9, 1, 1, 1, 1, 1, 9, 1
-4.51385, -1.48306, 7.93173, 1, 9, 1, 1, 1, 9, 1, 1, 1, 1, 9, 1, 1
3.03198, -2.23241, 8.499, 1, 9, 1, 1, 1, 9, 1, 1, 1, 1, 9, 1, 9
-6.33544, -2.26187, 8.04217, 1, 9, 1, 1, 1, 9, 1, 1, 1, 1, 9, 9, 1
-2.31466, -1.4599, 7.42714, 1, 9, 1, 1, 1, 9, 1, 1, 1, 9, 1, 1, 1
3.74345, -2.76312, 8.27209, 1, 9, 1, 1, 1, 9, 1, 1, 1, 9, 1, 1, 9
-5.41004, -1.75418, 7.62636, 1, 9, 1, 1, 1, 9, 1, 1, 1, 9, 1, 9, 1
-4.76944, -1.20597, 8.13098, 1, 9, 1, 1, 1, 9, 1, 9, 9, 1, 1, 1, 1
3.91822, -2.11084, 8.32737, 1, 9, 1, 1, 1, 9, 1, 9, 9, 1, 1, 1, 9
-8.93769, -2.51306, 12.1834, 1, 9, 1, 1, 1, 9, 1, 9, 9, 1, 1, 9, 1
-8.86361, -2.2942, 13.6557, 1, 9, 1, 1, 1, 9, 1, 9, 9, 1, 9, 1, 1
3.0873, -1.70321, 8.68709, 1, 9, 1, 1, 1, 9, 1, 9, 9, 1, 9, 1, 9
-8.86476, -2.82304, 11.6676, 1, 9, 1, 1, 1, 9, 1, 9, 9, 1, 9, 9, 1
-4.01561, -0.994622, 7.61223, 1, 9, 1, 1, 1, 9, 1, 9, 9, 9, 1, 1, 1
3.91947, -2.35574, 8.40043, 1, 9, 1, 1, 1, 9, 1, 9, 9, 9, 1, 1, 9
-5.0828, -1.29373, 7.53241, 1, 9, 1, 1, 1, 9, 1, 9, 9, 9, 1, 9, 1
1.74794, -2.35915, 8.11674, 1, 9, 1, 1, 1, 9, 9, 1, 1, 1, 1, 1, 1
3.11229, -2.81455, 8.5783, 1, 9, 1, 1, 1, 9, 9, 1, 1, 1, 1, 1, 9
-5.72441, -2.1692, 7.96056, 1, 9, 1, 1, 1, 9, 9, 1, 1, 1, 1, 9, 1
-3.7181, -1.6564, 7.91019, 1, 9, 1, 1, 1, 9, 9, 1, 1, 1, 9, 1, 1
2.74738, -2.54049, 8.3891, 1, 9, 1, 1, 1, 9, 9, 1, 1, 1, 9, 1, 9
-5.86917, -2.34942, 7.84822, 1, 9, 1, 1, 1, 9, 9, 1, 1, 1, 9, 9, 1
1.92763, -2.49416, 7.73319, 1, 9, 1, 1, 1, 9, 9, 1, 1, 9, 1, 1, 1
3.24652, -3.14292, 8.55255, 1, 9, 1, 1, 1, 9, 9, 1, 1, 9, 1, 1, 9
-5.12148, -2.0466, 7.66573, 1, 9, 1, 1, 1, 9, 9, 1, 1, 9, 1, 9, 1
-12.9855, -2.02766, 14.3298, 1, 9, 1, 1, 9, 1, 1, 1, 1, 1, 1, 1, 1
-5.06309, 1.48888, 5.9393, 1, 9, 1, 1, 9, 1, 1, 1, 1, 1, 1, 1, 9
-11.1874, -2.5274, 12.5379, 1, 9, 1, 1, 9, 1, 1, 1, 1, 1, 1, 9, 1
-12.6982, -2.15259, 14.0498, 1, 9, 1, 1, 9, 1, 1, 1, 1, 1, 9, 1, 1
-5.05756, 1.36699, 6.19863, 1, 9, 1, 1, 9, 1, 1, 1, 1, 1, 9, 1, 9
-11.2498, -2.81429, 11.8995, 1, 9, 1, 1, 9, 1, 1, 1, 1, 1, 9, 9, 1
-6.51512, 0.475407, 6.80956, 1, 9, 1, 1, 9, 1, 1, 1, 1, 9, 1, 1, 1
-4.93148, 1.54333, 5.63973, 1, 9, 1, 1, 9, 1, 1, 1, 1, 9, 1, 1, 9
-11.4001, -2.10782, 12.6194, 1, 9, 1, 1, 9, 1, 1, 1, 1, 9, 1, 9, 1
-10.9535, -2.65366, 15.593, 1, 9, 1, 1, 9, 1, 1, 9, 9, 1, 1, 1, 1
-10.2063, -3.45759, 13.2188, 1, 9, 1, 1, 9, 1, 1, 9, 9, 1, 1, 9, 1
-10.8727, -2.80681, 15.1258, 1, 9, 1, 1, 9, 1, 1, 9, 9, 1, 9, 1, 1
-5.52399, 1.3952, 6.42469, 1, 9, 1, 1, 9, 1, 1, 9, 9, 1, 9, 1, 9
-10.3977, -3.82769, 12.4253, 1, 9, 1, 1, 9, 1, 1, 9, 9, 1, 9, 9, 1
-11.4135, -2.40075, 15.7221, 1, 9, 1, 1, 9, 1, 1, 9, 9, 9, 1, 1, 1
-5.124, 1.62668, 5.52723, 1, 9, 1, 1, 9, 1, 1, 9, 9, 9, 1, 1, 9
-10.4327, -2.75776, 13.4279, 1, 9, 1, 1, 9, 1, 1, 9, 9, 9, 1, 9, 1
-6.67832, 0.157392, 7.73189, 1, 9, 1, 1, 9, 1, 9, 1, 1, 1, 1, 1, 1
-4.70066, 1.36268, 5.94903, 1, 9, 1, 1, 9, 1, 9, 1, 1, 1, 1, 1, 9
-11.9928, -2.02578, 11.6844, 1, 9, 1, 1, 9, 1, 9, 1, 1, 1, 1, 9, 1
-4.57608, 1.24517, 6.13281, 1, 9, 1, 1, 9, 1, 9, 1, 1, 1, 9, 1, 9
-11.7799, -2.16339, 11.2277, 1, 9, 1, 1, 9, 1, 9, 1, 1, 1, 9, 9, 1
-5.48018, -0.583044, 7.79534, 1, 9, 1, 9, 1, 1, 1, 1, 1, 1, 1, 1, 1
-2.8265, 0.164059, 6.95206, 1, 9, 1, 9, 1, 1, 1, 1, 1, 1, 1, 1, 9
-10.1651, -2.08136, 11.8283, 1, 9, 1, 9, 1, 1, 1, 1, 1, 1, 1, 9, 1
-5.84903, -0.834305, 8.15682, 1, 9, 1, 9, 1, 1, 1, 1, 1, 1, 9, 1, 1
-3.0641, -0.0129545, 7.07686, 1, 9, 1, 9, 1, 1, 1, 1, 1, 1, 9, 1, 9
-9.9166, -2.36893, 11.2682, 1, 9, 1, 9, 1, 1, 1, 1, 1, 1, 9, 9, 1
-5.14174, -0.422416, 7.2733, 1, 9, 1, 9, 1, 1, 1, 1, 1, 9, 1, 1, 1
1.75753, -0.574734, 7.51585, 1, 9, 1, 9, 1, 1, 1, 1, 1, 9, 1, 1, 9
-6.97417, -1.54834, 8.21975, 1, 9, 1, 9, 1, 1, 1, 1, 1, 9, 1, 9, 1
-5.87326, -0.43351, 7.9714, 1, 9, 1, 9, 1, 1, 1, 9, 9, 1, 1, 1, 1
-9.59702, -2.55449, 12.5616, 1, 9, 1, 9, 1, 1, 1, 9, 9, 1, 1, 9, 1
-6.31006, -0.778585, 8.47393, 1, 9, 1, 9, 1, 1, 1, 9, 9, 1, 9, 1, 1
-3.9964, 0.148956, 7.34231, 1, 9, 1, 9, 1, 1, 1, 9, 9, 1, 9, 1, 9
-9.56523, -2.72927, 11.9927, 1, 9, 1, 9, 1, 1, 1, 9, 9, 1, 9, 9, 1
-5.51526, -0.272906, 7.3602, 1, 9, 1, 9, 1, 1, 1, 9, 9, 9, 1, 1, 1
-9.86156, -1.96209, 12.913, 1, 9, 1, 9, 1, 1, 1, 9, 9, 9, 1, 9, 1
-5.14503, -0.734947, 7.64579, 1, 9, 1, 9, 1, 1, 9, 1, 1, 1, 1, 1, 1
-7.07847, -1.95063, 8.62562, 1, 9, 1, 9, 1, 1, 9, 1, 1, 1, 1, 9, 1
-5.44136, -0.981157, 7.98961, 1, 9, 1, 9, 1, 1, 9, 1, 1, 1, 9, 1, 1
-7.16618, -2.13459, 8.5982, 1, 9, 1, 9, 1, 1, 9, 1, 1, 1, 9, 9, 1
5.47796, -2.16743, 11.1745, 1, 9, 1, 9, 1, 1, 9, 1, 1, 9, 1, 1, 9
-4.30258, -1.4121, 7.80638, 1, 9, 1, 9, 1, 9, 1, 1, 1, 1, 1, 1, 1
3.35892, -2.05045, 9.64642, 1, 9, 1, 9, 1, 9, 1, 1, 1, 1, 1, 1, 9
-5.79638, -2.07, 7.71536, 1, 9, 1, 9, 1, 9, 1, 1, 1, 1, 1, 9, 1
-4.45271, -1.57047, 7.83249, 1, 9, 1, 9, 1, 9, 1, 1, 1, 1, 9, 1, 1
2.69704, -1.8599, 9.68411, 1, 9, 1, 9, 1, 9, 1, 1, 1, 1, 9, 1, 9
-5.83951, -2.23003, 7.63419, 1, 9, 1, 9, 1, 9, 1, 1, 1, 1, 9, 9, 1
-3.75788, -1.38254, 7.46116, 1, 9, 1, 9, 1, 9, 1, 1, 1, 9, 1, 1, 1
3.26137, -2.21878, 9.51396, 1, 9, 1, 9, 1, 9, 1, 1, 1, 9, 1, 1, 9
-5.28128, -1.82563, 7.08361, 1, 9, 1, 9, 1, 9, 1, 1, 1, 9, 1, 9, 1
-4.5847, -1.32121, 7.97981, 1, 9, 1, 9, 1, 9, 1, 9, 9, 1, 1, 1, 1
-4.6704, -1.54425, 7.95138, 1, 9, 1, 9, 1, 9, 1, 9, 9, 1, 9, 1, 1
0.157646, -1.69643, 7.61142, 1, 9, 1, 9, 1, 9, 1, 9, 9, 1, 9, 1, 9
-5.55837, -2.05847, 7.72244, 1, 9, 1, 9, 1, 9, 1, 9, 9, 1, 9, 9, 1
-4.21898, -1.12996, 7.46385, 1, 9, 1, 9, 1, 9, 1, 9, 9, 9, 1, 1, 1
3.62768, -1.98262, 9.59412, 1, 9, 1, 9, 1, 9, 1, 9, 9, 9, 1, 1, 9
-5.06176, -1.42479, 7.1157, 1, 9, 1, 9, 1, 9, 1, 9, 9, 9, 1, 9, 1
-4.35456, -1.35631, 7.67477, 1, 9, 1, 9, 1, 9, 1, 9, 9, 9, 9, 1, 1
2.1846, -1.66381, 9.29678, 1, 9, 1, 9, 1, 9, 1, 9, 9, 9, 9, 1, 9
-5.68399, -1.94131, 7.59044, 1, 9, 1, 9, 1, 9, 1, 9, 9, 9, 9, 9, 1
-3.73631, -1.58295, 7.65698, 1, 9, 1, 9, 1, 9, 9, 1, 1, 1, 1, 1, 1
2.84983, -2.1656, 9.45008, 1, 9, 1, 9, 1, 9, 9, 1, 1, 1, 1, 1, 9
-5.57097, -2.21573, 7.52917, 1, 9, 1, 9, 1, 9, 9, 1, 1, 1, 1, 9, 1
2.45088, -2.09888, 9.69091, 1, 9, 1, 9, 1, 9, 9, 1, 1, 1, 9, 1, 9
-5.60303, -2.49484, 7.55213, 1, 9, 1, 9, 1, 9, 9, 1, 1, 1, 9, 9, 1
2.92851, -2.33505, 9.42328, 1, 9, 1, 9, 1, 9, 9, 1, 1, 9, 1, 1, 9
-5.27311, -2.11796, 7.13629, 1, 9, 1, 9, 1, 9, 9, 1, 1, 9, 1, 9, 1
-12.6957, -1.70783, 13.8699, 1, 9, 1, 9, 9, 1, 1, 1, 1, 1, 1, 1, 1
-5.21633, 1.35366, 5.52476, 1, 9, 1, 9, 9, 1, 1, 1, 1, 1, 1, 1, 9
-10.9306, -2.24866, 11.7878, 1, 9, 1, 9, 9, 1, 1, 1, 1, 1, 1, 9, 1
-12.3404, -1.81261, 13.7702, 1, 9, 1, 9, 9, 1, 1, 1, 1, 1, 9, 1, 1
-5.18638, 1.24215, 6.14086, 1, 9, 1, 9, 9, 1, 1, 1, 1, 1, 9, 1, 9
-10.9038, -2.53884, 11.3978, 1, 9, 1, 9, 9, 1, 1, 1, 1, 1, 9, 9, 1
-6.47526, 0.255863, 6.06655, 1, 9, 1, 9, 9, 1, 1, 1, 1, 9, 1, 1, 1
-5.16637, 1.36128, 5.04468, 1, 9, 1, 9, 9, 1, 1, 1, 1, 9, 1, 1, 9
-11.2037, -1.71078, 11.6634, 1, 9, 1, 9, 9, 1, 1, 1, 1, 9, 1, 9, 1
-10.9287, -2.30599, 14.9585, 1, 9, 1, 9, 9, 1, 1, 9, 9, 1, 1, 1, 1
-10.0002, -2.83767, 12.5228, 1, 9, 1, 9, 9, 1, 1, 9, 9, 1, 1, 9, 1
-10.794, -2.37187, 14.7482, 1, 9, 1, 9, 9, 1, 1, 9, 9, 1, 9, 1, 1
-5.57466, 1.26798, 6.2967, 1, 9, 1, 9, 9, 1, 1, 9, 9, 1, 9, 1, 9
-10.2618, -3.06, 12.0716, 1, 9, 1, 9, 9, 1, 1, 9, 9, 1, 9, 9, 1
-6.62765, 0.425501, 6.26994, 1, 9, 1, 9, 9, 1, 1, 9, 9, 9, 1, 1, 1
-5.12517, 1.4649, 5.02956, 1, 9, 1, 9, 9, 1, 1, 9, 9, 9, 1, 1, 9
-10.2346, -2.10977, 12.8071, 1, 9, 1, 9, 9, 1, 1, 9, 9, 9, 1, 9, 1
-6.61088, -0.0101063, 7.22561, 1, 9, 1, 9, 9, 1, 9, 1, 1, 1, 1, 1, 1
-4.88557, 1.19573, 5.43178, 1, 9, 1, 9, 9, 1, 9, 1, 1, 1, 1, 1, 9
-11.6646, -1.85647, 10.9168, 1, 9, 1, 9, 9, 1, 9, 1, 1, 1, 1, 9, 1
-4.70312, 1.14732, 5.95967, 1, 9, 1, 9, 9, 1, 9, 1, 1, 1, 9, 1, 9
-11.689, -2.09682, 10.4987, 1, 9, 1, 9, 9, 1, 9, 1, 1, 1, 9, 9, 1
-6.48071, 0.133586, 5.97811, 1, 9, 1, 9, 9, 1, 9, 1, 1, 9, 1, 1, 1
-4.95681, 1.2465, 5.10233, 1, 9, 1, 9, 9, 1, 9, 1, 1, 9, 1, 1, 9
-8.76934, -1.68871, 9.68907, 1, 9, 1, 9, 9, 1, 9, 1, 1, 9, 1, 9, 1
-5.86295, -0.36107, 8.2228, 1, 9, 9, 1, 1, 1, 1, 1, 1, 1, 1, 1, 1
6.15328, -2.65475, 6.80766, 1, 9, 9, 1, 1, 1, 1, 1, 1, 1, 1, 1, 9
-10.7481, -2.61301, 12.5151, 1, 9, 9, 1, 1, 1, 1, 1, 1, 1, 1, 9, 1
-6.30575, -0.617427, 8.58956, 1, 9, 9, 1, 1, 1, 1, 1, 1, 1, 9, 1, 1
5.63483, -2.32352, 7.32889, 1, 9, 9, 1, 1, 1, 1, 1, 1, 1, 9, 1, 9
-10.5315, -2.90268, 11.9633, 1, 9, 9, 1, 1, 1, 1, 1, 1, 1, 9, 9, 1
-4.85486, -0.993401, 5.89359, 1, 1, 1, 1, 1, 1, 1, 1, 1, 1, 1, 1, 1
-5.66956, -0.463704, 7.99585, 1, 9, 1, 1, 1, 1, 1, 1, 1, 1, 1, 1, 1
-6.36193, -1.85895, 6.70462, 1, 1, 1, 1, 1, 1, 1, 1, 1, 1, 1, 9, 1
-4.85486, -0.993401, 5.89359, 1, 1, 1, 1, 1, 1, 1, 1, 1, 1, 1, 1, 1
-5.66956, -0.463704, 7.99585, 1, 9, 1, 1, 1, 1, 1, 1, 1, 1, 1, 1, 1
-6.36193, -1.85895, 6.70462, 1, 1, 1, 1, 1, 1, 1, 1, 1, 1, 1, 9, 1
-10.5674, -2.35267, 12.2212, 1, 9, 1, 1, 1, 1, 1, 1, 1, 1, 1, 9, 1
-4.6874, -1.85085, 4.35624, 9, 1, 1, 1, 1, 1, 1, 1, 1, 1, 1, 1, 1
-5.55771, -2.49442, 4.745, 9, 1, 1, 1, 1, 1, 1, 1, 1, 1, 1, 9, 1
-4.65965, -0.808906, 5.81632, 1, 1, 1, 1, 1, 1, 1, 1, 1, 9, 1, 1, 1
-5.13533, -0.323177, 7.62002, 1, 9, 1, 1, 1, 1, 1, 1, 1, 9, 1, 1, 1
-6.00445, -1.51746, 6.2399, 1, 1, 1, 1, 1, 1, 1, 1, 1, 9, 1, 9, 1
-10.9116, -2.05888, 12.7005, 1, 9, 1, 1, 1, 1, 1, 1, 1, 9, 1, 9, 1
-4.82643, -1.73062, 3.61891, 9, 1, 1, 1, 1, 1, 1, 1, 1, 9, 1, 1, 1
-5.58335, -2.06966, 4.78174, 9, 1, 1, 1, 1, 1, 1, 1, 1, 9, 1, 9, 1
-5.02103, -0.805517, 5.71724, 1, 1, 1, 1, 1, 1, 1, 9, 9, 1, 1, 1, 1
-6.26971, -0.380733, 8.44526, 1, 9, 1, 1, 1, 1, 1, 9, 9, 1, 1, 1, 1
-6.79816, -1.67418, 7.03369, 1, 1, 1, 1, 1, 1, 1, 9, 9, 1, 1, 9, 1
-9.86739, -3.05698, 12.6677, 1, 9, 1, 1, 1, 1, 1, 9, 9, 1, 1, 9, 1
-5.11153, -1.71849, 3.74317, 9, 1, 1, 1, 1, 1, 1, 9, 9, 1, 1, 1, 1
-5.87945, -2.25871, 4.52745, 9, 1, 1, 1, 1, 1, 1, 9, 9, 1, 1, 9, 1
-4.8514, -0.579089, 5.63406, 1, 1, 1, 1, 1, 1, 1, 9, 9, 9, 1, 1, 1
-6.2825, -1.21535, 6.35344, 1, 1, 1, 1, 1, 1, 1, 9, 9, 9, 1, 9, 1
-9.99885, -2.5279, 13.2155, 1, 9, 1, 1, 1, 1, 1, 9, 9, 9, 1, 9, 1
-5.41107, -1.6091, 2.77764, 9, 1, 1, 1, 1, 1, 1, 9, 9, 9, 1, 1, 1
-5.76054, -1.72023, 4.69914, 9, 1, 1, 1, 1, 1, 1, 9, 9, 9, 1, 9, 1
-4.73341, -1.15148, 6.05753, 1, 1, 1, 1, 1, 1, 9, 1, 1, 1, 1, 1, 1
-5.22857, -0.625774, 7.88783, 1, 9, 1, 1, 1, 1, 9, 1, 1, 1, 1, 1, 1
-5.95609, -1.95618, 6.62098, 1, 1, 1, 1, 1, 1, 9, 1, 1, 1, 1, 9, 1
-7.56877, -1.85636, 9.42352, 1, 9, 1, 1, 1, 1, 9, 1, 1, 1, 1, 9, 1
-4.5121, -2.01088, 4.75495, 9, 1, 1, 1, 1, 1, 9, 1, 1, 1, 1, 1, 1
-5.31872, -2.59413, 5.12042, 9, 1, 1, 1, 1, 1, 9, 1, 1, 1, 1, 9, 1
-4.57407, -0.948632, 6.00229, 1, 1, 1, 1, 1, 1, 9, 1, 1, 9, 1, 1, 1
-5.76641, -1.63722, 6.31732, 1, 1, 1, 1, 1, 1, 9, 1, 1, 9, 1, 9, 1
-4.54065, -1.76956, 4.37074, 9, 1, 1, 1, 1, 1, 9, 1, 1, 9, 1, 1, 1
-5.41389, -2.12229, 5.19733, 9, 1, 1, 1, 1, 1, 9, 1, 1, 9, 1, 9, 1
-3.63352, -1.84454, 6.80536, 1, 1, 1, 1, 1, 9, 1, 1, 1, 1, 1, 1, 1
-3.98186, -1.34127, 7.81105, 1, 9, 1, 1, 1, 9, 1, 1, 1, 1, 1, 1, 1
-5.38359, -2.46107, 7.09506, 1, 1, 1, 1, 1, 9, 1, 1, 1, 1, 1, 9, 1
-6.11873, -2.04483, 8.11745, 1, 9, 1, 1, 1, 9, 1, 1, 1, 1, 1, 9, 1
-3.68952, -2.46178, 5.71048, 9, 1, 1, 1, 1, 9, 1, 1, 1, 1, 1, 1, 1
-4.8017, -3.13042, 5.90306, 9, 1, 1, 1, 1, 9, 1, 1, 1, 1, 1, 9, 1
-3.06516, -1.67056, 6.75929, 1, 1, 1, 1, 1, 9, 1, 1, 1, 9, 1, 1, 1
-2.31466, -1.4599, 7.42714, 1, 9, 1, 1, 1, 9, 1, 1, 1, 9, 1, 1, 1
-5.00285, -2.14656, 6.90382, 1, 1, 1, 1, 1, 9, 1, 1, 1, 9, 1, 9, 1
-5.41004, -1.75418, 7.62636, 1, 9, 1, 1, 1, 9, 1, 1, 1, 9, 1, 9, 1
-3.39951, -2.24604, 5.48968, 9, 1, 1, 1, 1, 9, 1, 1, 1, 9, 1, 1, 1
-4.61565, -2.63722, 5.72346, 9, 1, 1, 1, 1, 9, 1, 1, 1, 9, 1, 9, 1
-4.00132, -1.52888, 6.68098, 1, 1, 1, 1, 1, 9, 1, 9, 9, 1, 1, 1, 1
-4.76944, -1.20597, 8.13098, 1, 9, 1, 1, 1, 9, 1, 9, 9, 1, 1, 1, 1
-5.41398, -2.06159, 7.08181, 1, 1, 1, 1, 1, 9, 1, 9, 9, 1, 1, 9, 1
-8.93769, -2.51306, 12.1834, 1, 9, 1, 1, 1, 9, 1, 9, 9, 1, 1, 9, 1
-3.96363, -2.1626, 5.51271, 9, 1, 1, 1, 1, 9, 1, 9, 9, 1, 1, 1, 1
-5.10443, -2.6228, 5.8705, 9, 1, 1, 1, 1, 9, 1, 9, 9, 1, 1, 9, 1
-3.70662, -1.25738, 6.577, 1, 1, 1, 1, 1, 9, 1, 9, 9, 9, 1, 1, 1
-4.01561, -0.994622, 7.61223, 1, 9, 1, 1, 1, 9, 1, 9, 9, 9, 1, 1, 1
-4.86459, -1.58565, 6.6926, 1, 1, 1, 1, 1, 9, 1, 9, 9, 9, 1, 9, 1
-5.0828, -1.29373, 7.53241, 1, 9, 1, 1, 1, 9, 1, 9, 9, 9, 1, 9, 1
-3.8712, -1.7948, 5.24806, 9, 1, 1, 1, 1, 9, 1, 9, 9, 9, 1, 1, 1
-4.9204, -2.13163, 5.573, 9, 1, 1, 1, 1, 9, 1, 9, 9, 9, 1, 9, 1
-3.15764, -2.17522, 6.90076, 1, 1, 1, 1, 1, 9, 9, 1, 1, 1, 1, 1, 1
1.74794, -2.35915, 8.11674, 1, 9, 1, 1, 1, 9, 9, 1, 1, 1, 1, 1, 1
-5.16015, -2.73081, 7.19821, 1, 1, 1, 1, 1, 9, 9, 1, 1, 1, 1, 9, 1
-5.72441, -2.1692, 7.96056, 1, 9, 1, 1, 1, 9, 9, 1, 1, 1, 1, 9, 1
-3.60394, -2.69471, 5.93872, 9, 1, 1, 1, 1, 9, 9, 1, 1, 1, 1, 1, 1
-4.64398, -3.41317, 6.09632, 9, 1, 1, 1, 1, 9, 9, 1, 1, 1, 1, 9, 1
-2.26323, -2.09222, 6.91044, 1, 1, 1, 1, 1, 9, 9, 1, 1, 9, 1, 1, 1
1.92763, -2.49416, 7.73319, 1, 9, 1, 1, 1, 9, 9, 1, 1, 9, 1, 1, 1
-4.77875, -2.3117, 6.94398, 1, 1, 1, 1, 1, 9, 9, 1, 1, 9, 1, 9, 1
-5.12148, -2.0466, 7.66573, 1, 9, 1, 1, 1, 9, 9, 1, 1, 9, 1, 9, 1
-3.21346, -2.46481, 5.78057, 9, 1, 1, 1, 1, 9, 9, 1, 1, 9, 1, 1, 1
-4.41727, -2.76809, 6.02696, 9, 1, 1, 1, 1, 9, 9, 1, 1, 9, 1, 9, 1
-6.08055, -0.541422, 4.30347, 1, 1, 1, 1, 9, 1, 1, 1, 1, 1, 1, 1, 1
-12.9855, -2.02766, 14.3298, 1, 9, 1, 1, 9, 1, 1, 1, 1, 1, 1, 1, 1
-6.90329, -1.33685, 5.93834, 1, 1, 1, 1, 9, 1, 1, 1, 1, 1, 1, 9, 1
-11.1874, -2.5274, 12.5379, 1, 9, 1, 1, 9, 1, 1, 1, 1, 1, 1, 9, 1
-7.43969, -2.35431, -2.05294, 9, 1, 1, 1, 9, 1, 1, 1, 1, 1, 1, 1, 1
-6.06814, -2.06953, 3.45375, 9, 1, 1, 1, 9, 1, 1, 1, 1, 1, 1, 9, 1
-9.78117, -2.41141, -2.60657, 1, 1, 1, 1, 9, 1, 1, 1, 1, 9, 1, 1, 1
-6.51512, 0.475407, 6.80956, 1, 9, 1, 1, 9, 1, 1, 1, 1, 9, 1, 1, 1
-6.97807, -1.22176, 4.47499, 1, 1, 1, 1, 9, 1, 1, 1, 1, 9, 1, 9, 1
-11.4001, -2.10782, 12.6194, 1, 9, 1, 1, 9, 1, 1, 1, 1, 9, 1, 9, 1
-8.16203, -3.06007, -1.70332, 9, 1, 1, 1, 9, 1, 1, 1, 1, 9, 1, 1, 1
-8.08174, -2.50183, -0.93449, 9, 1, 1, 1, 9, 1, 1, 1, 1, 9, 1, 9, 1
-6.29018, -0.479526, 3.89684, 1, 1, 1, 1, 9, 1, 1, 9, 9, 1, 1, 1, 1
-10.9535, -2.65366, 15.593, 1, 9, 1, 1, 9, 1, 1, 9, 9, 1, 1, 1, 1
-9.38976, -2.68392, 12.0032, 1, 1, 1, 1, 9, 1, 1, 9, 9, 1, 1, 9, 1
-10.2063, -3.45759, 13.2188, 1, 9, 1, 1, 9, 1, 1, 9, 9, 1, 1, 9, 1
-7.6287, -2.61444, -2.3328, 9, 1, 1, 1, 9, 1, 1, 9, 9, 1, 1, 1, 1
-6.31422, -1.94925, 3.34575, 9, 1, 1, 1, 9, 1, 1, 9, 9, 1, 1, 9, 1
-9.92938, -2.67653, -2.85158, 1, 1, 1, 1, 9, 1, 1, 9, 9, 9, 1, 1, 1
-11.4135, -2.40075, 15.7221, 1, 9, 1, 1, 9, 1, 1, 9, 9, 9, 1, 1, 1
-6.83483, -0.971117, 4.96365, 1, 1, 1, 1, 9, 1, 1, 9, 9, 9, 1, 9, 1
-10.4327, -2.75776, 13.4279, 1, 9, 1, 1, 9, 1, 1, 9, 9, 9, 1, 9, 1
-8.25822, -3.3904, -1.97944, 9, 1, 1, 1, 9, 1, 1, 9, 9, 9, 1, 1, 1
-8.45976, -2.66506, -1.29338, 9, 1, 1, 1, 9, 1, 1, 9, 9, 9, 1, 9, 1
-6.0805, -0.640601, 4.50182, 1, 1, 1, 1, 9, 1, 9, 1, 1, 1, 1, 1, 1
-6.67832, 0.157392, 7.73189, 1, 9, 1, 1, 9, 1, 9, 1, 1, 1, 1, 1, 1
-6.65674, -1.41051, 5.67577, 1, 1, 1, 1, 9, 1, 9, 1, 1, 1, 1, 9, 1
-11.9928, -2.02578, 11.6844, 1, 9, 1, 1, 9, 1, 9, 1, 1, 1, 1, 9, 1
-7.23069, -2.08227, -1.56659, 9, 1, 1, 1, 9, 1, 9, 1, 1, 1, 1, 1, 1
-5.82999, -2.07434, 4.13733, 9, 1, 1, 1, 9, 1, 9, 1, 1, 1, 1, 9, 1
-6.15673, -0.530309, 3.93181, 1, 1, 1, 1, 9, 1, 9, 1, 1, 9, 1, 1, 1
-6.62808, -1.34095, 5.20477, 1, 1, 1, 1, 9, 1, 9, 1, 1, 9, 1, 9, 1
-8.12476, -2.55761, -1.4617, 9, 1, 1, 1, 9, 1, 9, 1, 1, 9, 1, 1, 1
-6.48345, -1.59733, 3.36872, 9, 1, 1, 1, 9, 1, 9, 1, 1, 9, 1, 9, 1
-4.84789, -1.15903, 5.67233, 1, 1, 1, 9, 1, 1, 1, 1, 1, 1, 1, 1, 1
-5.48018, -0.583044, 7.79534, 1, 9, 1, 9, 1, 1, 1, 1, 1, 1, 1, 1, 1
-6.15575, -2.03239, 6.26991, 1, 1, 1, 9, 1, 1, 1, 1, 1, 1, 1, 9, 1
-10.1651, -2.08136, 11.8283, 1, 9, 1, 9, 1, 1, 1, 1, 1, 1, 1, 9, 1
-4.90517, -2.1732, 3.83542, 9, 1, 1, 9, 1, 1, 1, 1, 1, 1, 1, 1, 1
-5.45638, -2.72537, 4.48877, 9, 1, 1, 9, 1, 1, 1, 1, 1, 1, 1, 9, 1
-4.67868, -1.01261, 5.60086, 1, 1, 1, 9, 1, 1, 1, 1, 1, 9, 1, 1, 1
-5.14174, -0.422416, 7.2733, 1, 9, 1, 9, 1, 1, 1, 1, 1, 9, 1, 1, 1
-5.82601, -1.74022, 5.93932, 1, 1, 1, 9, 1, 1, 1, 1, 1, 9, 1, 9, 1
-6.97417, -1.54834, 8.21975, 1, 9, 1, 9, 1, 1, 1, 1, 1, 9, 1, 9, 1
-5.14021, -2.14039, 3.0128, 9, 1, 1, 9, 1, 1, 1, 1, 1, 9, 1, 1, 1
-5.49472, -2.32439, 4.5843, 9, 1, 1, 9, 1, 1, 1, 1, 1, 9, 1, 9, 1
-4.9721, -0.95834, 5.50948, 1, 1, 1, 9, 1, 1, 1, 9, 9, 1, 1, 1, 1
-5.87326, -0.43351, 7.9714, 1, 9, 1, 9, 1, 1, 1, 9, 9, 1, 1, 1, 1
-6.43843, -1.76028, 6.38337, 1, 1, 1, 9, 1, 1, 1, 9, 9, 1, 1, 9, 1
-9.59702, -2.55449, 12.5616, 1, 9, 1, 9, 1, 1, 1, 9, 9, 1, 1, 9, 1
-5.36116, -2.12527, 2.98842, 9, 1, 1, 9, 1, 1, 1, 9, 9, 1, 1, 1, 1
-5.77415, -2.47436, 4.20485, 9, 1, 1, 9, 1, 1, 1, 9, 9, 1, 1, 9, 1
-4.84274, -0.744373, 5.42685, 1, 1, 1, 9, 1, 1, 1, 9, 9, 9, 1, 1, 1
-5.51526, -0.272906, 7.3602, 1, 9, 1, 9, 1, 1, 1, 9, 9, 9, 1, 1, 1
-6.00083, -1.37837, 6.05083, 1, 1, 1, 9, 1, 1, 1, 9, 9, 9, 1, 9, 1
-9.86156, -1.96209, 12.913, 1, 9, 1, 9, 1, 1, 1, 9, 9, 9, 1, 9, 1
-5.44077, -1.90527, 2.54159, 9, 1, 1, 9, 1, 1, 1, 9, 9, 9, 1, 1, 1
-5.62397, -1.87212, 4.58687, 9, 1, 1, 9, 1, 1, 1, 9, 9, 9, 1, 9, 1
-4.73651, -1.35194, 5.81304, 1, 1, 1, 9, 1, 1, 9, 1, 1, 1, 1, 1, 1
-5.14503, -0.734947, 7.64579, 1, 9, 1, 9, 1, 1, 9, 1, 1, 1, 1, 1, 1
-5.81653, -2.1338, 6.2249, 1, 1, 1, 9, 1, 1, 9, 1, 1, 1, 1, 9, 1
-7.07847, -1.95063, 8.62562, 1, 9, 1, 9, 1, 1, 9, 1, 1, 1, 1, 9, 1
-4.64624, -2.28951, 4.42743, 9, 1, 1, 9, 1, 1, 9, 1, 1, 1, 1, 1, 1
-5.23587, -2.83823, 4.88302, 9, 1, 1, 9, 1, 1, 9, 1, 1, 1, 1, 9, 1
-4.562, -1.17152, 5.74032, 1, 1, 1, 9, 1, 1, 9, 1, 1, 9, 1, 1, 1
-5.62665, -1.87015, 6.00488, 1, 1, 1, 9, 1, 1, 9, 1, 1, 9, 1, 9, 1
-4.64283, -2.12407, 3.99879, 9, 1, 1, 9, 1, 1, 9, 1, 1, 9, 1, 1, 1
-5.31873, -2.35559, 5.03891, 9, 1, 1, 9, 1, 1, 9, 1, 1, 9, 1, 9, 1
-3.8962, -1.96189, 6.5075, 1, 1, 1, 9, 1, 9, 1, 1, 1, 1, 1, 1, 1
-4.30258, -1.4121, 7.80638, 1, 9, 1, 9, 1, 9, 1, 1, 1, 1, 1, 1, 1
-5.24049, -2.56984, 6.69805, 1, 1, 1, 9, 1, 9, 1, 1, 1, 1, 1, 9, 1
-5.79638, -2.07, 7.71536, 1, 9, 1, 9, 1, 9, 1, 1, 1, 1, 1, 9, 1
-3.71445, -2.73414, 5.51197, 9, 1, 1, 9, 1, 9, 1, 1, 1, 1, 1, 1, 1
-4.77111, -3.48319, 5.657, 9, 1, 1, 9, 1, 9, 1, 1, 1, 1, 1, 9, 1
-3.55021, -1.79397, 6.42951, 1, 1, 1, 9, 1, 9, 1, 1, 1, 9, 1, 1, 1
-3.75788, -1.38254, 7.46116, 1, 9, 1, 9, 1, 9, 1, 1, 1, 9, 1, 1, 1
-4.97112, -2.29605, 6.47297, 1, 1, 1, 9, 1, 9, 1, 1, 1, 9, 1, 9, 1
-5.28128, -1.82563, 7.08361, 1, 9, 1, 9, 1, 9, 1, 1, 1, 9, 1, 9, 1
-3.56445, -2.45342, 5.24307, 9, 1, 1, 9, 1, 9, 1, 1, 1, 9, 1, 1, 1
-4.60842, -2.8938, 5.50797, 9, 1, 1, 9, 1, 9, 1, 1, 1, 9, 1, 9, 1
-4.07238, -1.67186, 6.42749, 1, 1, 1, 9, 1, 9, 1, 9, 9, 1, 1, 1, 1
-4.5847, -1.32121, 7.97981, 1, 9, 1, 9, 1, 9, 1, 9, 9, 1, 1, 1, 1
-5.22779, -2.13164, 6.73298, 1, 1, 1, 9, 1, 9, 1, 9, 9, 1, 1, 9, 1
-4.04877, -2.36481, 5.25786, 9, 1, 1, 9, 1, 9, 1, 9, 9, 1, 1, 1, 1
-4.98528, -2.77879, 5.53535, 9, 1, 1, 9, 1, 9, 1, 9, 9, 1, 1, 9, 1
-3.90037, -1.39423, 6.2244, 1, 1, 1, 9, 1, 9, 1, 9, 9, 9, 1, 1, 1
-4.21898, -1.12996, 7.46385, 1, 9, 1, 9, 1, 9, 1, 9, 9, 9, 1, 1, 1
-4.66819, -1.68877, 6.29276, 1, 1, 1, 9, 1, 9, 1, 9, 9, 9, 1, 9, 1
-5.06176, -1.42479, 7.1157, 1, 9, 1, 9, 1, 9, 1, 9, 9, 9, 1, 9, 1
-4.05114, -1.94683, 4.9677, 9, 1, 1, 9, 1, 9, 1, 9, 9, 9, 1, 1, 1
-4.53124, -2.16274, 5.11354, 9, 1, 1, 9, 1, 9, 1, 9, 9, 9, 1, 9, 1
-3.63617, -2.23913, 6.55478, 1, 1, 1, 9, 1, 9, 9, 1, 1, 1, 1, 1, 1
-3.73631, -1.58295, 7.65698, 1, 9, 1, 9, 1, 9, 9, 1, 1, 1, 1, 1, 1
-5.02421, -2.87309, 6.73019, 1, 1, 1, 9, 1, 9, 9, 1, 1, 1, 1, 9, 1
-5.57097, -2.21573, 7.52917, 1, 9, 1, 9, 1, 9, 9, 1, 1, 1, 1, 9, 1
-3.6546, -3.02565, 5.69225, 9, 1, 1, 9, 1, 9, 9, 1, 1, 1, 1, 1, 1
-4.47542, -3.86533, 5.76217, 9, 1, 1, 9, 1, 9, 9, 1, 1, 1, 1, 9, 1
-3.10924, -2.09482, 6.53806, 1, 1, 1, 9, 1, 9, 9, 1, 1, 9, 1, 1, 1
-4.75459, -2.55071, 6.55592, 1, 1, 1, 9, 1, 9, 9, 1, 1, 9, 1, 9, 1
-5.27311, -2.11796, 7.13629, 1, 9, 1, 9, 1, 9, 9, 1, 1, 9, 1, 9, 1
-3.43136, -2.7446, 5.42026, 9, 1, 1, 9, 1, 9, 9, 1, 1, 9, 1, 1, 1
-4.44159, -3.06762, 5.74059, 9, 1, 1, 9, 1, 9, 9, 1, 1, 9, 1, 9, 1
-6.15136, -0.81609, 3.78398, 1, 1, 1, 9, 9, 1, 1, 1, 1, 1, 1, 1, 1
-12.6957, -1.70783, 13.8699, 1, 9, 1, 9, 9, 1, 1, 1, 1, 1, 1, 1, 1
-6.66024, -1.48321, 5.3012, 1, 1, 1, 9, 9, 1, 1, 1, 1, 1, 1, 9, 1
-10.9306, -2.24866, 11.7878, 1, 9, 1, 9, 9, 1, 1, 1, 1, 1, 1, 9, 1
-7.13617, -2.64925, -1.55566, 9, 1, 1, 9, 9, 1, 1, 1, 1, 1, 1, 1, 1
-5.87913, -2.27489, 3.41576, 9, 1, 1, 9, 9, 1, 1, 1, 1, 1, 1, 9, 1
-9.52611, -2.54127, -2.44908, 1, 1, 1, 9, 9, 1, 1, 1, 1, 9, 1, 1, 1
-6.47526, 0.255863, 6.06655, 1, 9, 1, 9, 9, 1, 1, 1, 1, 9, 1, 1, 1
-9.37001, -2.27028, -1.33097, 1, 1, 1, 9, 9, 1, 1, 1, 1, 9, 1, 9, 1
-11.2037, -1.71078, 11.6634, 1, 9, 1, 9, 9, 1, 1, 1, 1, 9, 1, 9, 1
-7.73297, -3.38705, -1.40025, 9, 1, 1, 9, 9, 1, 1, 1, 1, 9, 1, 1, 1
-7.65107, -2.82645, -0.566251, 9, 1, 1, 9, 9, 1, 1, 1, 1, 9, 1, 9, 1
-6.37329, -0.775748, 3.27861, 1, 1, 1, 9, 9, 1, 1, 9, 9, 1, 1, 1, 1
-10.9287, -2.30599, 14.9585, 1, 9, 1, 9, 9, 1, 1, 9, 9, 1, 1, 1, 1
-10.0002, -2.83767, 12.5228, 1, 9, 1, 9, 9, 1, 1, 9, 9, 1, 1, 9, 1
-7.31436, -2.90547, -1.90413, 9, 1, 1, 9, 9, 1, 1, 9, 9, 1, 1, 1, 1
-6.14867, -2.12266, 3.16577, 9, 1, 1, 9, 9, 1, 1, 9, 9, 1, 1, 9, 1
-9.59293, -2.83322, -2.78812, 1, 1, 1, 9, 9, 1, 1, 9, 9, 9, 1, 1, 1
-6.62765, 0.425501, 6.26994, 1, 9, 1, 9, 9, 1, 1, 9, 9, 9, 1, 1, 1
-6.69223, -1.14185, 4.56169, 1, 1, 1, 9, 9, 1, 1, 9, 9, 9, 1, 9, 1
-10.2346, -2.10977, 12.8071, 1, 9, 1, 9, 9, 1, 1, 9, 9, 9, 1, 9, 1
-7.84206, -3.82708, -1.80087, 9, 1, 1, 9, 9, 1, 1, 9, 9, 9, 1, 1, 1
-8.11306, -3.02346, -1.07616, 9, 1, 1, 9, 9, 1, 1, 9, 9, 9, 1, 9, 1
-6.17672, -0.910359, 4.00205, 1, 1, 1, 9, 9, 1, 9, 1, 1, 1, 1, 1, 1
-6.61088, -0.0101063, 7.22561, 1, 9, 1, 9, 9, 1, 9, 1, 1, 1, 1, 1, 1
-6.5197, -1.57544, 5.37703, 1, 1, 1, 9, 9, 1, 9, 1, 1, 1, 1, 9, 1
-11.6646, -1.85647, 10.9168, 1, 9, 1, 9, 9, 1, 9, 1, 1, 1, 1, 9, 1
-6.88913, -2.37384, -1.10183, 9, 1, 1, 9, 9, 1, 9, 1, 1, 1, 1, 1, 1
-5.69433, -2.24497, 4.1475, 9, 1, 1, 9, 9, 1, 9, 1, 1, 1, 1, 9, 1
-9.33812, -2.10772, -2.45229, 1, 1, 1, 9, 9, 1, 9, 1, 1, 9, 1, 1, 1
-6.48071, 0.133586, 5.97811, 1, 9, 1, 9, 9, 1, 9, 1, 1, 9, 1, 1, 1
-6.45436, -1.57891, 5.02116, 1, 1, 1, 9, 9, 1, 9, 1, 1, 9, 1, 9, 1
-8.76934, -1.68871, 9.68907, 1, 9, 1, 9, 9, 1, 9, 1, 1, 9, 1, 9, 1
-7.65227, -2.7391, -1.16721, 9, 1, 1, 9, 9, 1, 9, 1, 1, 9, 1, 1, 1
-6.24975, -1.8421, 3.51897, 9, 1, 1, 9, 9, 1, 9, 1, 1, 9, 1, 9, 1
-4.91738, -0.789083, 6.10932, 1, 1, 9, 1, 1, 1, 1, 1, 1, 1, 1, 1, 1
-5.86295, -0.36107, 8.2228, 1, 9, 9, 1, 1, 1, 1, 1, 1, 1, 1, 1, 1
-6.68842, -1.70824, 7.38592, 1, 1, 9, 1, 1, 1, 1, 1, 1, 1, 1, 9, 1
-10.7481, -2.61301, 12.5151, 1, 9, 9, 1, 1, 1, 1, 1, 1, 1, 1, 9, 1
-4.54221, -1.58677, 4.81713, 9, 1, 9, 1, 1, 1, 1, 1, 1, 1, 1, 1, 1
-5.61384, -2.1757, 5.17029, 9, 1, 9, 1, 1, 1, 1, 1, 1, 1, 1, 9, 1
-4.72389, -0.559224, 6.07331, 1, 1, 9, 1, 1, 1, 1, 1, 1, 9, 1, 1, 1
-6.14046, -1.22271, 6.69954, 1, 1, 9, 1, 1, 1, 1, 1, 1, 9, 1, 9, 1
-10.9486, -2.29292, 12.8439, 1, 9, 9, 1, 1, 1, 1, 1, 1, 9, 1, 9, 1
-4.55199, -1.2778, 4.47962, 9, 1, 9, 1, 1, 1, 1, 1, 1, 9, 1, 1, 1
-5.53119, -1.58152, 5.51517, 9, 1, 9, 1, 1, 1, 1, 1, 1, 9, 1, 9, 1
-5.06714, -0.559173, 5.93995, 1, 1, 9, 1, 1, 1, 1, 9, 9, 1, 1, 1, 1
-10.2767, -2.66834, 14.9649, 1, 9, 9, 1, 1, 1, 1, 9, 9, 1, 1, 1, 1
-7.35837, -1.59385, 8.16609, 1, 1, 9, 1, 1, 1, 1, 9, 9, 1, 1, 9, 1
-10.0555, -3.3905, 12.9148, 1, 9, 9, 1, 1, 1, 1, 9, 9, 1, 1, 9, 1
-4.93558, -1.3074, 4.34652, 9, 1, 9, 1, 1, 1, 1, 9, 9, 1, 1, 1, 1
-5.86078, -1.76325, 5.17433, 9, 1, 9, 1, 1, 1, 1, 9, 9, 1, 1, 9, 1
-4.88446, -0.306709, 5.85457, 1, 1, 9, 1, 1, 1, 1, 9, 9, 9, 1, 1, 1
-6.4703, -0.920695, 6.96249, 1, 1, 9, 1, 1, 1, 1, 9, 9, 9, 1, 9, 1
-10.1248, -2.85709, 13.2005, 1, 9, 9, 1, 1, 1, 1, 9, 9, 9, 1, 9, 1
-4.99112, -1.00827, 3.94759, 9, 1, 9, 1, 1, 1, 1, 9, 9, 9, 1, 1, 1
-5.55749, -1.28207, 5.40269, 9, 1, 9, 1, 1, 1, 1, 9, 9, 9, 1, 9, 1
-4.74532, -0.971578, 6.2564, 1, 1, 9, 1, 1, 1, 9, 1, 1, 1, 1, 1, 1
-6.06907, -1.78073, 7.06439, 1, 1, 9, 1, 1, 1, 9, 1, 1, 1, 1, 9, 1
-4.41396, -1.76616, 5.08136, 9, 1, 9, 1, 1, 1, 9, 1, 1, 1, 1, 1, 1
-5.29909, -2.28876, 5.52573, 9, 1, 9, 1, 1, 1, 9, 1, 1, 1, 1, 9, 1
-4.58642, -0.723451, 6.21236, 1, 1, 9, 1, 1, 1, 9, 1, 1, 9, 1, 1, 1
-5.73625, -1.34973, 6.61223, 1, 1, 9, 1, 1, 1, 9, 1, 1, 9, 1, 9, 1
-4.44452, -1.41975, 4.82446, 9, 1, 9, 1, 1, 1, 9, 1, 1, 9, 1, 1, 1
-5.30184, -1.68202, 5.83335, 9, 1, 9, 1, 1, 1, 9, 1, 1, 9, 1, 9, 1
-3.17422, -1.6468, 6.98946, 1, 1, 9, 1, 1, 9, 1, 1, 1, 1, 1, 1, 1
2.39765, -2.68365, 6.97016, 1, 9, 9, 1, 1, 9, 1, 1, 1, 1, 1, 1, 1
-5.35934, -2.20486, 7.41071, 1, 1, 9, 1, 1, 9, 1, 1, 1, 1, 1, 9, 1
-6.14403, -1.93204, 8.43913, 1, 9, 9, 1, 1, 9, 1, 1, 1, 1, 1, 9, 1
-3.62354, -2.06284, 5.72766, 9, 1, 9, 1, 1, 9, 1, 1, 1, 1, 1, 1, 1
-4.65649, -2.60838, 6.16576, 9, 1, 9, 1, 1, 9, 1, 1, 1, 1, 1, 9, 1
-1.97729, -1.58341, 6.99831, 1, 1, 9, 1, 1, 9, 1, 1, 1, 9, 1, 1, 1
2.72186, -2.81474, 6.68736, 1, 9, 9, 1, 1, 9, 1, 1, 1, 9, 1, 1, 1
-4.87712, -1.73671, 7.05636, 1, 1, 9, 1, 1, 9, 1, 1, 1, 9, 1, 9, 1
-5.09365, -1.57994, 7.66309, 1, 9, 9, 1, 1, 9, 1, 1, 1, 9, 1, 9, 1
-3.57235, -1.70106, 5.54176, 9, 1, 9, 1, 1, 9, 1, 1, 1, 9, 1, 1, 1
-4.43446, -2.13821, 5.9565, 9, 1, 9, 1, 1, 9, 1, 1, 1, 9, 1, 9, 1
-3.77294, -1.21593, 6.84937, 1, 1, 9, 1, 1, 9, 1, 9, 9, 1, 1, 1, 1
-4.59586, -0.939172, 8.11924, 1, 9, 9, 1, 1, 9, 1, 9, 9, 1, 1, 1, 1
-5.28271, -1.68934, 7.22381, 1, 1, 9, 1, 1, 9, 1, 9, 9, 1, 1, 9, 1
-9.07728, -2.66131, 12.6639, 1, 9, 9, 1, 1, 9, 1, 9, 9, 1, 1, 9, 1
-4.25858, -1.57462, 5.33978, 9, 1, 9, 1, 1, 9, 1, 9, 9, 1, 1, 1, 1
-5.16459, -2.07929, 6.00223, 9, 1, 9, 1, 1, 9, 1, 9, 9, 1, 1, 9, 1
-3.27893, -0.938628, 6.78088, 1, 1, 9, 1, 1, 9, 1, 9, 9, 9, 1, 1, 1
3.32847, -2.53713, 6.96522, 1, 9, 9, 1, 1, 9, 1, 9, 9, 9, 1, 1, 1
-4.87517, -1.27838, 6.72654, 1, 1, 9, 1, 1, 9, 1, 9, 9, 9, 1, 9, 1
-4.16598, -1.2604, 5.24896, 9, 1, 9, 1, 1, 9, 1, 9, 9, 9, 1, 1, 1
-4.7321, -1.6123, 5.8152, 9, 1, 9, 1, 1, 9, 1, 9, 9, 9, 1, 9, 1
-2.27655, -2.14531, 7.12917, 1, 1, 9, 1, 1, 9, 9, 1, 1, 1, 1, 1, 1
2.06533, -2.96986, 7.13651, 1, 9, 9, 1, 1, 9, 9, 1, 1, 1, 1, 1, 1
-5.08053, -2.39697, 7.44306, 1, 1, 9, 1, 1, 9, 9, 1, 1, 1, 1, 9, 1
-3.56783, -2.30481, 5.89339, 9, 1, 9, 1, 1, 9, 9, 1, 1, 1, 1, 1, 1
-4.60935, -2.87523, 6.26146, 9, 1, 9, 1, 1, 9, 9, 1, 1, 1, 1, 9, 1
-1.75489, -1.9067, 7.07227, 1, 1, 9, 1, 1, 9, 9, 1, 1, 9, 1, 1, 1
2.32969, -3.14168, 7.11742, 1, 9, 9, 1, 1, 9, 9, 1, 1, 9, 1, 1, 1
-4.62259, -1.88481, 7.03756, 1, 1, 9, 1, 1, 9, 9, 1, 1, 9, 1, 9, 1
-3.60328, -1.83572, 5.71339, 9, 1, 9, 1, 1, 9, 9, 1, 1, 9, 1, 1, 1
-4.33644, -2.15194, 6.39976, 9, 1, 9, 1, 1, 9, 9, 1, 1, 9, 1, 9, 1
-6.05486, -0.355398, 5.02962, 1, 1, 9, 1, 9, 1, 1, 1, 1, 1, 1, 1, 1
-13.2182, -2.34966, 14.456, 1, 9, 9, 1, 9, 1, 1, 1, 1, 1, 1, 1, 1
-7.51285, -1.46796, 7.7504, 1, 1, 9, 1, 9, 1, 1, 1, 1, 1, 1, 9, 1
-11.3029, -2.76023, 12.5882, 1, 9, 9, 1, 9, 1, 1, 1, 1, 1, 1, 9, 1
-7.50132, -2.05451, -2.54083, 9, 1, 9, 1, 9, 1, 1, 1, 1, 1, 1, 1, 1
-5.98504, -1.76427, 4.52827, 9, 1, 9, 1, 9, 1, 1, 1, 1, 1, 1, 9, 1
-6.85075, 0.530913, 7.34891, 1, 9, 9, 1, 9, 1, 1, 1, 1, 9, 1, 1, 1
-6.71245, -1.00802, 5.87484, 1, 1, 9, 1, 9, 1, 1, 1, 1, 9, 1, 9, 1
-11.5336, -2.35445, 12.5157, 1, 9, 9, 1, 9, 1, 1, 1, 1, 9, 1, 9, 1
-8.42766, -2.53323, -2.06111, 9, 1, 9, 1, 9, 1, 1, 1, 1, 9, 1, 1, 1
-6.08657, -1.32031, 4.74105, 9, 1, 9, 1, 9, 1, 1, 1, 1, 9, 1, 9, 1
-11.2282, -2.9713, 15.6338, 1, 9, 9, 1, 9, 1, 1, 9, 9, 1, 1, 1, 1
-9.42776, -2.81419, 12.4564, 1, 1, 9, 1, 9, 1, 1, 9, 9, 1, 1, 9, 1
-10.3721, -3.84066, 13.4276, 1, 9, 9, 1, 9, 1, 1, 9, 9, 1, 1, 9, 1
-7.70047, -2.30325, -2.75428, 9, 1, 9, 1, 9, 1, 1, 9, 9, 1, 1, 1, 1
-11.6748, -2.71191, 15.8551, 1, 9, 9, 1, 9, 1, 1, 9, 9, 9, 1, 1, 1
-10.0798, -2.54306, 12.5915, 1, 1, 9, 1, 9, 1, 1, 9, 9, 9, 1, 9, 1
-10.4755, -3.1082, 13.4108, 1, 9, 9, 1, 9, 1, 1, 9, 9, 9, 1, 9, 1
-8.43039, -2.86385, -2.19137, 9, 1, 9, 1, 9, 1, 1, 9, 9, 9, 1, 1, 1
-5.83647, -0.446086, 5.20369, 1, 1, 9, 1, 9, 1, 9, 1, 1, 1, 1, 1, 1
-9.44377, -0.581545, 11.4745, 1, 9, 9, 1, 9, 1, 9, 1, 1, 1, 1, 1, 1
-6.71862, -1.37861, 6.41453, 1, 1, 9, 1, 9, 1, 9, 1, 1, 1, 1, 9, 1
-12.0569, -2.21704, 11.6981, 1, 9, 9, 1, 9, 1, 9, 1, 1, 1, 1, 9, 1
-7.16605, -1.60233, -1.81864, 9, 1, 9, 1, 9, 1, 9, 1, 1, 1, 1, 1, 1
-5.63015, -1.82856, 4.95555, 9, 1, 9, 1, 9, 1, 9, 1, 1, 1, 1, 9, 1
-5.89303, -0.284051, 4.84919, 1, 1, 9, 1, 9, 1, 9, 1, 1, 9, 1, 1, 1
-6.41182, -1.13942, 5.77026, 1, 1, 9, 1, 9, 1, 9, 1, 1, 9, 1, 9, 1
-12.3229, -1.97869, 11.7626, 1, 9, 9, 1, 9, 1, 9, 1, 1, 9, 1, 9, 1
-8.28538, -1.96594, -1.77613, 9, 1, 9, 1, 9, 1, 9, 1, 1, 9, 1, 1, 1
-5.72957, -1.43329, 5.11751, 9, 1, 9, 1, 9, 1, 9, 1, 1, 9, 1, 9, 1
-6.42538, -1.37485, 5.5393, 1, 1, 9, 9, 9, 1, 9, 1, 1, 9, 1, 9, 1
-11.1258, -1.66382, 11.021, 1, 9, 9, 9, 9, 1, 9, 1, 1, 9, 1, 9, 1
-5.78819, -1.68773, 4.86061, 9, 1, 9, 9, 9, 1, 9, 1, 1, 9, 1, 9, 1
-3.21558, -0.477587, 5.69344, 1, 1, 1, 1, 1, 1, 1, 1, 1, 1, 1, 1, 9
5.92688, -2.02698, 9.31824, 1, 9, 1, 1, 1, 1, 1, 1, 1, 1, 1, 1, 9
-3.96906, -1.33889, 4.10432, 9, 1, 1, 1, 1, 1, 1, 1, 1, 1, 1, 1, 9
-2.82133, -0.391678, 5.6872, 1, 1, 1, 1, 1, 1, 1, 1, 1, 9, 1, 1, 9
6.21987, -2.36651, 9.17606, 1, 9, 1, 1, 1, 1, 1, 1, 1, 9, 1, 1, 9
-7.86815, -2.67768, -1.19993, 9, 1, 1, 1, 1, 1, 1, 1, 1, 9, 1, 1, 9
-3.66416, -0.317654, 5.36884, 1, 1, 1, 1, 1, 1, 1, 9, 9, 1, 1, 1, 9
-3.42283, 0.474173, 7.17982, 1, 9, 1, 1, 1, 1, 1, 9, 9, 1, 1, 1, 9
-5.08413, -1.47847, 2.60925, 9, 1, 1, 1, 1, 1, 1, 9, 9, 1, 1, 1, 9
-2.95471, 0.544809, 7.14545, 1, 9, 1, 1, 1, 1, 1, 9, 9, 9, 1, 1, 9
-8.05104, -2.81813, -1.46359, 9, 1, 1, 1, 1, 1, 1, 9, 9, 9, 1, 1, 9
-2.94873, -0.689969, 5.82902, 1, 1, 1, 1, 1, 1, 9, 1, 1, 1, 1, 1, 9
5.57637, -2.15066, 8.98151, 1, 9, 1, 1, 1, 1, 9, 1, 1, 1, 1, 1, 9
-3.75321, -1.48617, 4.61606, 9, 1, 1, 1, 1, 1, 9, 1, 1, 1, 1, 1, 9
-2.2915, -0.674149, 5.9836, 1, 1, 1, 1, 1, 1, 9, 1, 1, 9, 1, 1, 9
5.79775, -2.45102, 9.02246, 1, 9, 1, 1, 1, 1, 9, 1, 1, 9, 1, 1, 9
3.12223, -2.37092, 7.68058, 1, 1, 1, 1, 1, 9, 1, 1, 1, 1, 1, 1, 9
3.6653, -2.50742, 8.21148, 1, 9, 1, 1, 1, 9, 1, 1, 1, 1, 1, 1, 9
-2.59647, -2.06201, 5.77819, 9, 1, 1, 1, 1, 9, 1, 1, 1, 1, 1, 1, 9
3.46722, -2.61243, 7.70629, 1, 1, 1, 1, 1, 9, 1, 1, 1, 9, 1, 1, 9
3.74345, -2.76312, 8.27209, 1, 9, 1, 1, 1, 9, 1, 1, 1, 9, 1, 1, 9
-2.32746, -1.94043, 5.59751, 9, 1, 1, 1, 1, 9, 1, 1, 1, 9, 1, 1, 9
3.66396, -2.05833, 7.90688, 1, 1, 1, 1, 1, 9, 1, 9, 9, 1, 1, 1, 9
3.91822, -2.11084, 8.32737, 1, 9, 1, 1, 1, 9, 1, 9, 9, 1, 1, 1, 9
-3.27356, -1.73879, 5.40487, 9, 1, 1, 1, 1, 9, 1, 9, 9, 1, 1, 1, 9
3.90573, -2.29251, 7.83966, 1, 1, 1, 1, 1, 9, 1, 9, 9, 9, 1, 1, 9
3.91947, -2.35574, 8.40043, 1, 9, 1, 1, 1, 9, 1, 9, 9, 9, 1, 1, 9
-3.32669, -1.56467, 5.1343, 9, 1, 1, 1, 1, 9, 1, 9, 9, 9, 1, 1, 9
2.47744, -2.64624, 7.68651, 1, 1, 1, 1, 1, 9, 9, 1, 1, 1, 1, 1, 9
3.11229, -2.81455, 8.5783, 1, 9, 1, 1, 1, 9, 9, 1, 1, 1, 1, 1, 9
-2.53417, -2.27101, 6.06423, 9, 1, 1, 1, 1, 9, 9, 1, 1, 1, 1, 1, 9
2.88149, -2.90227, 7.73946, 1, 1, 1, 1, 1, 9, 9, 1, 1, 9, 1, 1, 9
3.24652, -3.14292, 8.55255, 1, 9, 1, 1, 1, 9, 9, 1, 1, 9, 1, 1, 9
-2.19845, -2.12988, 5.9366, 9, 1, 1, 1, 1, 9, 9, 1, 1, 9, 1, 1, 9
-7.83845, -2.03707, -5.14361, 1, 1, 1, 1, 9, 1, 1, 1, 1, 1, 1, 1, 9
-5.06309, 1.48888, 5.9393, 1, 9, 1, 1, 9, 1, 1, 1, 1, 1, 1, 1, 9
-7.1713, -2.50749, -3.02607, 9, 1, 1, 1, 9, 1, 1, 1, 1, 1, 1, 1, 9
-10.0019, -2.65929, -4.06736, 1, 1, 1, 1, 9, 1, 1, 1, 1, 9, 1, 1, 9
-4.93148, 1.54333, 5.63973, 1, 9, 1, 1, 9, 1, 1, 1, 1, 9, 1, 1, 9
-8.26756, -3.45819, -2.52612, 9, 1, 1, 1, 9, 1, 1, 1, 1, 9, 1, 1, 9
-7.87593, -2.35915, -5.38588, 1, 1, 1, 1, 9, 1, 1, 9, 9, 1, 1, 1, 9
-7.2046, -2.76307, -3.11947, 9, 1, 1, 1, 9, 1, 1, 9, 9, 1, 1, 1, 9
-9.94236, -2.97672, -4.29082, 1, 1, 1, 1, 9, 1, 1, 9, 9, 9, 1, 1, 9
-5.124, 1.62668, 5.52723, 1, 9, 1, 1, 9, 1, 1, 9, 9, 9, 1, 1, 9
-8.39476, -3.82715, -2.7195, 9, 1, 1, 1, 9, 1, 1, 9, 9, 9, 1, 1, 9
-7.6698, -1.7066, -4.66357, 1, 1, 1, 1, 9, 1, 9, 1, 1, 1, 1, 1, 9
-4.70066, 1.36268, 5.94903, 1, 9, 1, 1, 9, 1, 9, 1, 1, 1, 1, 1, 9
-6.99775, -2.23291, -2.31369, 9, 1, 1, 1, 9, 1, 9, 1, 1, 1, 1, 1, 9
-9.55533, -2.30812, -3.72324, 1, 1, 1, 1, 9, 1, 9, 1, 1, 9, 1, 1, 9
-7.87675, -2.84167, -2.0669, 9, 1, 1, 1, 9, 1, 9, 1, 1, 9, 1, 1, 9
-3.45802, -0.620583, 5.35362, 1, 1, 1, 9, 1, 1, 1, 1, 1, 1, 1, 1, 9
-2.8265, 0.164059, 6.95206, 1, 9, 1, 9, 1, 1, 1, 1, 1, 1, 1, 1, 9
-6.42156, -2.36045, -1.17583, 9, 1, 1, 9, 1, 1, 1, 1, 1, 1, 1, 1, 9
1.75753, -0.574734, 7.51585, 1, 9, 1, 9, 1, 1, 1, 1, 1, 9, 1, 1, 9
-7.51467, -2.9583, -0.994488, 9, 1, 1, 9, 1, 1, 1, 1, 1, 9, 1, 1, 9
-6.82125, -2.49745, -1.25198, 9, 1, 1, 9, 1, 1, 1, 9, 9, 1, 1, 1, 9
-7.60387, -3.14502, -1.28127, 9, 1, 1, 9, 1, 1, 1, 9, 9, 9, 1, 1, 9
-3.2133, -0.822395, 5.4943, 1, 1, 1, 9, 1, 1, 9, 1, 1, 1, 1, 1, 9
-4.19125, -1.65553, 3.94022, 9, 1, 1, 9, 1, 1, 9, 1, 1, 1, 1, 1, 9
-2.96008, -0.740749, 5.51943, 1, 1, 1, 9, 1, 1, 9, 1, 1, 9, 1, 1, 9
5.47796, -2.16743, 11.1745, 1, 9, 1, 9, 1, 1, 9, 1, 1, 9, 1, 1, 9
-7.36477, -2.72608, -0.652839, 9, 1, 1, 9, 1, 1, 9, 1, 1, 9, 1, 1, 9
-0.839214, -1.85524, 6.50749, 1, 1, 1, 9, 1, 9, 1, 1, 1, 1, 1, 1, 9
3.35892, -2.05045, 9.64642, 1, 9, 1, 9, 1, 9, 1, 1, 1, 1, 1, 1, 9
-2.94939, -2.18133, 5.53133, 9, 1, 1, 9, 1, 9, 1, 1, 1, 1, 1, 1, 9
3.26137, -2.21878, 9.51396, 1, 9, 1, 9, 1, 9, 1, 1, 1, 9, 1, 1, 9
